*---------------------------------------------------------*
*   Country: Senegal
*   Station: SEN_HUB_fanaye
*   Station #: 3001
*   Year: 2008
*   Source: AfricaRice; historical observed data (1991-1999,2006-2011, 2013,2014)
*   Author: Pepijn van Oort (AfricaRice). Original Script by Justin van Wart (University Nebraska)
*   Longitude: -14.80 (decimal degrees East)
*   Latitude: 16.53 (decimal degrees North)
*   Elevation: 11 m.
*
*  Columns:
*  ========
*  1 station number
*  2 year
*  3 day
*  4 irradiation (kJ m-2 d-1)
*  5 minimum temperature (degrees Celsius)
*  6 maximum temperature (degrees Celsius)
*  7 actual vapour pressure (kPa)   
*  8 mean wind speed (m s-1)
*  9 precipitation (mm d-1)
*
** WCCDESCRIPTION=Senegal, SEN_HUB_fanaye
** WCCFORMAT=2
** WCCYEARNR= 2008
*
* COMMENT - START
*   Filename: SEN3001.008
*   Source file: SEN_HUBHIST_Fanaye.xlsx; sheet: GYGAReady_public_propagation
*   Source file contains station data (black) and propagated data (red).
*   When station data are available these are filled in in the current file.
*   When station data are not available the method uses NASA data from the POWER database.
*   Tmin, Tmax and Tdew from the POWER database are corrected for bias based on empirical regression between POWER data and available station data.
* COMMENT - END
*---------------------------------------------------------*
-14.80  16.53  11  0  0
3001 2008 001 12800 13.5 29.3 0.76 2.3 0
3001 2008 002 18900 14.3 31.2 0.87 2.3 0
3001 2008 003 15500 13.9 30.8 0.69 2.3 0
3001 2008 004 19400 13.9 30.9 0.52 2.3 0
3001 2008 005 19500 13.7 30.9 1.29 2.3 0
3001 2008 006 20100 12.6 30.7 1.01 2.3 0
3001 2008 007 19000 12.7 30.2 0.83 2.3 0
3001 2008 008 20200 12.7 30.4 0.89 2.3 0
3001 2008 009 20700 12.4 31.4 0.71 2.3 0
3001 2008 010 20000 12.0 31.7 0.91 2.3 0
3001 2008 011 20300 12.8 32.1 0.97 2.3 0
3001 2008 012 18700 13.7 32.2 0.97 2.3 0
3001 2008 013 14800 14.7 32.9 0.94 2.3 0
3001 2008 014 17200 15.5 33.8 0.87 2.3 0
3001 2008 015 17100 16.4 34.5 0.88 2.3 0
3001 2008 016 19000 16.8 32.8 0.78 2.3 0
3001 2008 017 17700 17.3 29.7 0.72 2.3 0
3001 2008 018 16600 16.1 32.1 0.75 2.3 0
3001 2008 019 19900 16.1 33.1 0.57 2.3 0
3001 2008 020 20400 14.3 34.0 0.6 2.3 0
3001 2008 021 19200 16.1 34.4 0.64 2.3 0
3001 2008 022 18000 15.4 33.8 0.7 2.3 0
3001 2008 023 18000 16.8 33.5 0.8 2.3 0
3001 2008 024 20300 16.4 33.8 0.82 2.3 0
3001 2008 025 15800 16.9 34.0 0.74 2.3 0
3001 2008 026 19700 15.4 33.6 0.69 2.3 0
3001 2008 027 17000 17.3 33.9 0.79 2.3 0
3001 2008 028 20600 15.9 33.5 0.7 2.3 0
3001 2008 029 21000 15.1 33.6 0.74 2.3 0
3001 2008 030 20300 14.8 34.3 0.77 2.3 0
3001 2008 031 20800 15.2 34.1 0.7 2.3 0
3001 2008 032 20700 16.2 34.9 0.67 2.3 0
3001 2008 033 21100 16.0 35.2 0.6 2.3 0
3001 2008 034 21400 15.6 35.2 0.54 2.3 0
3001 2008 035 20700 16.0 35.6 0.66 2.3 0
3001 2008 036 19800 16.6 36.6 0.76 2.3 0
3001 2008 037 21500 18.2 37.8 0.82 2.3 0
3001 2008 038 21600 19.8 38.4 0.95 2.3 0
3001 2008 039 19300 18.9 37.2 1.57 2.3 0
3001 2008 040 21500 17.3 34.0 1.75 2.3 0
3001 2008 041 21700 15.9 33.1 1.71 2.3 0
3001 2008 042 16100 18.0 31.8 1.68 2.3 1
3001 2008 043 4400 17.5 29.3 2.15 2.3 3
3001 2008 044 21700 17.0 34.9 1.88 2.3 0
3001 2008 045 22400 16.6 35.2 1.48 2.3 0
3001 2008 046 22100 17.9 34.2 1.37 2.3 0
3001 2008 047 19500 19.3 38.1 0.97 2.3 1
3001 2008 048 20700 22.0 37.1 0.57 2.3 0
3001 2008 049 23200 20.8 39.0 0.69 2.3 0
3001 2008 050 23100 21.3 38.4 0.8 2.3 0
3001 2008 051 23100 21.4 38.3 0.76 2.3 0
3001 2008 052 23700 19.8 38.0 0.64 2.3 0
3001 2008 053 23400 18.6 38.1 0.56 2.3 0
3001 2008 054 24000 19.5 39.2 0.5 2.3 0
3001 2008 055 23800 17.8 38.1 1.01 2.3 0
3001 2008 056 24000 19.0 38.1 1.24 2.3 0
3001 2008 057 24200 18.5 37.3 1.09 2.3 0
3001 2008 058 23800 18.2 38.1 1.04 2.3 0
3001 2008 059 24000 19.7 39.9 1.01 2.3 0
3001 2008 060 24600 20.1 39.6 0.75 2.3 0
3001 2008 061 24500 20.4 38.8 0.68 2.3 0
3001 2008 062 23900 18.8 38.1 0.62 2.3 0
3001 2008 063 23900 19.8 38.6 0.63 2.3 0
3001 2008 064 24200 20.8 39.4 0.65 2.3 0
3001 2008 065 25600 20.8 39.9 0.62 2.3 0
3001 2008 066 25200 20.7 39.9 0.81 2.3 0
3001 2008 067 25300 21.0 40.2 0.82 2.3 0
3001 2008 068 25200 21.4 40.6 0.92 2.3 0
3001 2008 069 25300 20.3 38.9 0.89 2.3 0
3001 2008 070 25400 19.2 37.2 1.15 2.3 0
3001 2008 071 25900 17.9 37.0 0.96 2.3 0
3001 2008 072 26000 18.1 39.0 0.85 2.3 0
3001 2008 073 25400 19.1 39.5 1.36 2.3 0
3001 2008 074 25000 18.6 38.5 1.96 2.3 0
3001 2008 075 25200 19.3 40.3 1.77 2.3 0
3001 2008 076 26100 20.8 42.0 1.34 2.3 0
3001 2008 077 26200 23.6 42.6 0.85 2.3 0
3001 2008 078 26700 23.3 41.8 0.79 2.3 0
3001 2008 079 26600 22.8 42.5 1.24 2.3 0
3001 2008 080 26300 19.8 41.0 1.42 2.3 0
3001 2008 081 26700 20.5 38.5 1.21 2.3 0
3001 2008 082 27100 17.5 38.7 1.11 2.3 0
3001 2008 083 25300 17.7 36.7 1.02 2.3 0
3001 2008 084 26300 16.1 37.2 1.57 2.3 0
3001 2008 085 26200 17.1 38.2 1.67 2.3 0
3001 2008 086 24700 18.5 36.5 1.7 2.3 0
3001 2008 087 25500 21.1 41.7 1.24 2.3 0
3001 2008 088 26200 22.5 41.7 1.15 2.3 0
3001 2008 089 25600 25.5 42.9 1.23 2.3 0
3001 2008 090 27100 25.1 43.4 1.21 2.3 0
3001 2008 091 26400 26.0 43.5 0.97 2.3 0
3001 2008 092 26900 25.0 43.2 1.07 2.3 0
3001 2008 093 27000 24.7 42.5 1.24 2.3 0
3001 2008 094 27000 24.3 41.7 1.53 2.3 0
3001 2008 095 27700 23.6 41.8 0.95 2.3 0
3001 2008 096 26600 22.6 41.1 1.24 2.3 0
3001 2008 097 27300 23.5 42.9 1.08 2.3 0
3001 2008 098 27400 19.6 41.8 1.33 2.3 0
3001 2008 099 28200 20.9 43.0 0.95 2.3 0
3001 2008 100 23300 20.3 42.9 0.89 2.3 1
3001 2008 101 28000 20.3 42.1 1.13 2.3 0
3001 2008 102 27400 22.3 41.3 1.45 2.3 0
3001 2008 103 27400 22.3 42.7 1.1 2.3 0
3001 2008 104 28000 22.4 42.6 1.01 2.3 0
3001 2008 105 27000 23.4 43.3 1 2.3 0
3001 2008 106 27300 19.8 41.4 1.39 2.3 0
3001 2008 107 27500 21.7 41.0 1.12 2.3 0
3001 2008 108 27500 21.7 42.7 0.95 2.3 0
3001 2008 109 27900 19.4 41.8 1.46 2.3 0
3001 2008 110 28200 19.9 42.4 1.31 2.3 0
3001 2008 111 27600 21.3 43.3 1.2 2.3 0
3001 2008 112 27500 23.4 43.8 1.07 2.3 0
3001 2008 113 27500 23.5 43.9 1.13 2.3 0
3001 2008 114 27600 24.0 44.4 1.16 2.3 0
3001 2008 115 27500 23.7 44.4 1.1 2.3 0
3001 2008 116 27300 25.8 44.0 1.04 2.3 0
3001 2008 117 28200 26.5 43.6 1.04 2.3 0
3001 2008 118 27600 25.2 43.7 0.97 2.3 0
3001 2008 119 27500 24.2 43.6 0.84 2.3 0
3001 2008 120 27800 21.6 42.1 1.16 2.3 0
3001 2008 121 28000 20.5 42.6 1.38 2.3 0
3001 2008 122 28000 19.3 41.7 1.45 2.3 0
3001 2008 123 27400 19.8 41.2 1.44 2.3 0
3001 2008 124 27500 23.1 42.4 1.37 2.3 0
3001 2008 125 27200 26.0 45.1 1.3 2.3 0
3001 2008 126 27300 27.0 45.8 1.29 2.3 0
3001 2008 127 27800 26.0 42.4 1.73 2.3 0
3001 2008 128 27600 21.7 42.1 1.74 2.3 0
3001 2008 129 28000 20.5 41.0 1.53 2.3 0
3001 2008 130 27800 20.8 40.5 1.38 2.3 0
3001 2008 131 27500 22.0 41.8 1.27 2.3 0
3001 2008 132 28000 22.6 42.0 0.97 2.3 0
3001 2008 133 27300 23.1 42.0 0.95 2.3 0
3001 2008 134 27500 24.0 42.5 0.94 2.3 0
3001 2008 135 27400 24.8 42.5 1.1 2.3 0
3001 2008 136 24600 21.7 41.4 1.3 2.3 0
3001 2008 137 24300 21.6 39.9 1.45 2.3 0
3001 2008 138 24000 21.7 40.6 1.56 2.3 0
3001 2008 139 27400 22.4 42.2 1.56 2.3 0
3001 2008 140 27500 22.7 43.3 1.56 2.3 0
3001 2008 141 26500 26.1 43.8 1.66 2.3 0
3001 2008 142 26700 24.6 42.6 2.27 2.3 0
3001 2008 143 25800 28.9 39.7 2.54 2.3 0
3001 2008 144 27100 25.3 42.8 1.52 2.3 0
3001 2008 145 27800 25.5 40.3 1.01 2.3 0
3001 2008 146 28000 22.7 40.6 1.36 2.3 0
3001 2008 147 26700 21.3 39.9 1.36 2.3 0
3001 2008 148 27400 21.4 41.4 1.48 2.3 0
3001 2008 149 27600 24.8 41.7 1.16 2.3 0
3001 2008 150 26900 24.2 41.3 1.13 2.3 0
3001 2008 151 26900 24.6 43.4 1.08 2.3 0
3001 2008 152 26900 24.1 40.8 2.11 2.3 0
3001 2008 153 22000 23.1 38.2 2.33 2.3 0
3001 2008 154 25200 23.4 38.5 2.19 2.3 0
3001 2008 155 26900 25.1 42.9 1.76 2.3 0
3001 2008 156 26200 27.0 44.1 1.76 2.3 0
3001 2008 157 26700 26.1 43.6 2.51 2.3 0
3001 2008 158 27300 24.6 42.7 2.05 2.3 0
3001 2008 159 27600 22.5 43.4 1.68 2.3 0
3001 2008 160 28000 25.2 44.7 1.36 2.3 0
3001 2008 161 27200 26.9 44.3 1.23 2.3 0
3001 2008 162 27500 26.5 43.4 1.22 2.3 0
3001 2008 163 27600 25.0 44.3 1.04 2.3 0
3001 2008 164 23700 26.4 41.8 2.6 2.3 0
3001 2008 165 25100 24.5 37.3 3.02 2.3 0
3001 2008 166 26800 25.0 43.3 2.05 2.3 0
3001 2008 167 26300 27.1 43.3 2.44 2.3 0
3001 2008 168 23500 24.6 40.9 2.58 2.3 0
3001 2008 169 27300 23.0 42.2 1.85 2.3 0
3001 2008 170 27500 24.8 43.5 1.43 2.3 0
3001 2008 171 26300 27.3 41.4 2.62 2.3 0
3001 2008 172 26300 25.9 41.8 2.75 2.3 0
3001 2008 173 24700 23.0 41.2 2.62 2.3 0
3001 2008 174 26200 24.0 42.3 2.6 2.3 0
3001 2008 175 25900 23.9 41.8 2.85 2.3 0
3001 2008 176 25700 23.1 40.2 2.76 2.3 0
3001 2008 177 25300 22.7 40.7 2.73 2.3 0
3001 2008 178 26500 23.2 40.1 2.88 2.3 0
3001 2008 179 22500 23.3 38.0 2.95 2.3 0
3001 2008 180 25500 22.8 34.2 3.14 2.3 3
3001 2008 181 23700 22.7 36.2 3.06 2.3 1
3001 2008 182 26100 24.1 37.3 2.95 2.3 6
3001 2008 183 21700 26.0 38.0 2.97 2.3 0
3001 2008 184 22600 24.8 34.4 3.12 2.3 0
3001 2008 185 26100 23.4 34.7 3.17 2.3 14
3001 2008 186 26000 23.2 34.9 3.27 2.3 0
3001 2008 187 26500 23.1 39.2 2.55 2.3 0
3001 2008 188 26600 21.3 39.4 2.73 2.3 0
3001 2008 189 26200 24.2 40.7 2.85 2.3 0
3001 2008 190 17600 25.3 40.3 2.97 2.3 0
3001 2008 191 26100 24.2 38.0 3.15 2.3 0
3001 2008 192 26000 24.9 37.9 3.37 2.3 0
3001 2008 193 25900 24.3 37.3 3.39 2.3 0
3001 2008 194 25900 23.4 34.0 3.35 2.3 0
3001 2008 195 23000 22.2 34.4 3.14 2.3 0
3001 2008 196 25500 23.2 32.2 3.33 2.3 2
3001 2008 197 26400 23.7 35.5 3.21 2.3 0
3001 2008 198 23800 22.4 40.9 2.9 2.3 0
3001 2008 199 22500 24.0 38.4 3.15 2.3 0
3001 2008 200 21000 23.4 36.5 3.19 2.3 1
3001 2008 201 24900 23.6 34.3 3.29 2.3 0
3001 2008 202 23600 22.8 36.2 3.23 2.3 9
3001 2008 203 20300 22.9 34.5 3.39 2.3 3
3001 2008 204 26100 21.9 37.3 3.21 2.3 0
3001 2008 205 19300 23.8 34.2 3.17 2.3 9
3001 2008 206 26200 22.7 39.5 2.9 2.3 0
3001 2008 207 22900 23.5 35.1 3.27 2.3 0
3001 2008 208 10900 23.7 33.3 3.37 2.3 12
3001 2008 209 24700 23.0 32.9 3.35 2.3 0
3001 2008 210 26600 22.1 38.8 2.97 2.3 0
3001 2008 211 15900 23.8 33.2 3.45 2.3 0
3001 2008 212 25800 22.4 32.9 3.57 2.3 0
3001 2008 213 25400 22.4 36.2 3.47 2.3 0
3001 2008 214 24800 23.0 40.1 2.88 2.3 0
3001 2008 215 24800 22.6 41.7 3.12 2.3 0
3001 2008 216 22700 23.7 39.8 3.04 2.3 0
3001 2008 217 19400 24.0 38.5 3.23 2.3 1
3001 2008 218 24200 23.9 30.9 3.47 2.3 8
3001 2008 219 26000 22.1 35.2 3.21 2.3 0
3001 2008 220 23000 23.1 35.3 3.14 2.3 14
3001 2008 221 24300 23.4 37.3 3.27 2.3 0
3001 2008 222 25700 23.3 37.6 3.21 2.3 0
3001 2008 223 24300 23.6 36.9 3.21 2.3 0
3001 2008 224 22900 23.5 32.1 3.59 2.3 0
3001 2008 225 26100 22.7 33.0 3.43 2.3 0
3001 2008 226 25400 20.7 39.6 2.93 2.3 0
3001 2008 227 25600 24.0 38.2 3.1 2.3 1
3001 2008 228 24700 23.1 34.3 3.47 2.3 24
3001 2008 229 24600 22.6 30.9 3.57 2.3 0
3001 2008 230 25300 22.9 36.2 3.27 2.3 0
3001 2008 231 21600 22.5 34.4 3.33 2.3 0
3001 2008 232 23500 22.6 35.2 3.25 2.3 4
3001 2008 233 18200 22.4 31.7 3.45 2.3 6
3001 2008 234 25400 22.1 32.1 3.55 2.3 0
3001 2008 235 25000 22.4 31.7 3.66 2.3 0
3001 2008 236 11300 22.1 31.4 3.66 2.3 18
3001 2008 237 15100 22.2 29.2 3.53 2.3 8
3001 2008 238 23700 21.7 32.1 3.53 2.3 0
3001 2008 239 24500 21.4 32.7 3.49 2.3 0
3001 2008 240 9800 21.7 33.8 3.33 2.3 1
3001 2008 241 24700 22.2 32.0 3.53 2.3 0
3001 2008 242 21700 22.1 30.7 3.61 2.3 0
3001 2008 243 25300 21.6 31.8 3.47 2.3 2
3001 2008 244 21100 21.8 31.7 3.57 2.3 27
3001 2008 245 19900 25.3 36.7 2.99 1.6 0
3001 2008 246 21000 26.2 37.7 3.17 1.6 0
3001 2008 247 20400 21.5 32.7 2.34 1.2 26
3001 2008 248 13900 22.2 33.0 2.65 1.4 2
3001 2008 249 22500 24.6 35.0 2.99 1.2 0
3001 2008 250 16500 22.5 35.5 2.49 1.4 0
3001 2008 251 21400 25.1 35.7 2.99 1.2 0
3001 2008 252 15200 26.0 37.6 2.99 2.0 13
3001 2008 253 18300 24.0 36.7 2.49 1.6 0
3001 2008 254 19500 27.0 37.6 3.17 1.6 0
3001 2008 255 20000 26.1 39.4 2.99 2.2 0
3001 2008 256 20600 24.0 38.1 2.2 1.2 0
3001 2008 257 20800 24.1 35.2 2.49 2.0 0
3001 2008 258 15200 25.2 37.1 2.65 1.6 0
3001 2008 259 21400 25.0 39.0 2.81 2.0 0
3001 2008 260 17300 26.0 38.2 2.99 1.6 3
3001 2008 261 21000 25.3 36.7 2.81 1.2 2
3001 2008 262 15000 24.0 34.3 2.65 1.6 3
3001 2008 263 24000 25.0 36.2 2.81 1.2 0
3001 2008 264 20500 21.9 34.6 2.49 2.0 2
3001 2008 265 14400 22.6 35.3 2.65 2.0 0
3001 2008 266 21000 24.1 37.1 2.81 0.8 0
3001 2008 267 21700 25.1 37.4 2.81 1.2 4
3001 2008 268 20600 24.4 36.8 2.81 2.0 0
3001 2008 269 21200 25.0 35.3 2.34 2.2 0
3001 2008 270 12800 25.9 33.4 2.99 1.8 0
3001 2008 271 15800 24.8 35.7 2.81 1.6 0
3001 2008 272 20000 25.5 38.2 2.65 0.4 0
3001 2008 273 16800 27.1 39.4 2.99 2.3 0
3001 2008 274 14500 27.5 35.7 3.17 2.6 0
3001 2008 275 18800 25.3 37.6 2.81 1.2 0
3001 2008 276 20700 23.5 35.7 2.65 2.3 10
3001 2008 277 12100 21.8 30.2 2.49 0.6 1
3001 2008 278 11300 24.1 31.6 2.81 0.4 0
3001 2008 279 16000 25.0 37.1 2.49 1.8 0
3001 2008 280 17900 26.8 39.4 2.34 2.2 0
3001 2008 281 17500 26.9 38.5 2.81 1.2 0
3001 2008 282 17300 25.7 39.5 3.17 1.2 0
3001 2008 283 17500 26.0 36.7 3.17 2.6 0
3001 2008 284 18500 23.1 34.8 2.34 1.2 0
3001 2008 285 19600 20.0 35.3 1.94 1.2 0
3001 2008 286 20200 21.7 37.2 1.6 1.2 0
3001 2008 287 18200 25.2 37.4 2.2 3.0 0
3001 2008 288 17700 26.0 38.1 2.07 2.0 0
3001 2008 289 16700 26.6 36.8 2.34 0.4 0
3001 2008 290 13700 25.6 35.3 2.65 1.6 0
3001 2008 291 18000 23.8 40.2 2.34 1.2 0
3001 2008 292 18700 25.0 41.4 2.2 0.4 0
3001 2008 293 18500 25.9 38.5 1.94 0.8 0
3001 2008 294 17700 22.5 35.0 2.2 2.0 0
3001 2008 295 19000 23.0 30.2 1.94 1.2 0
3001 2008 296 19700 23.0 33.8 2.07 0.8 0
3001 2008 297 19600 25.1 36.1 2.2 1.2 0
3001 2008 298 19500 24.0 37.9 1.6 2.4 0
3001 2008 299 14500 23.1 35.6 1.31 1.6 0
3001 2008 300 19700 18.6 36.3 1.07 1.4 0
3001 2008 301 20800 19.1 35.0 1.82 1.6 0
3001 2008 302 20000 18.8 34.6 1.71 0.4 0
3001 2008 303 18800 18.5 34.5 1.5 1.2 0
3001 2008 304 18300 21.9 33.1 1.82 1.8 0
3001 2008 305 18000 21.4 34.3 1.15 1.6 0
3001 2008 306 20000 18.7 36.8 1.23 0.4 0
3001 2008 307 19100 19.3 36.6 1.07 1.2 0
3001 2008 308 18300 22.6 37.9 1.4 1.6 0
3001 2008 309 17000 21.1 37.0 1.31 1.6 0
3001 2008 310 18100 18.6 38.0 1.15 1.2 0
3001 2008 311 19200 18.9 39.4 1 0.4 0
3001 2008 312 19600 18.0 40.4 1.07 2.3 0
3001 2008 313 17000 17.7 39.7 1.15 0.4 0
3001 2008 314 19000 16.4 34.9 1 1.6 0
3001 2008 315 19900 16.2 36.0 1.15 1.2 0
3001 2008 316 19000 13.1 36.8 0.76 0.8 0
3001 2008 317 18400 14.5 38.1 0.87 2.3 0
3001 2008 318 16300 17.6 37.1 0.94 1.2 0
3001 2008 319 14200 17.2 37.7 0.87 1.2 0
3001 2008 320 17800 17.6 38.4 1.07 0.4 0
3001 2008 321 14100 16.4 37.3 0.87 0.8 0
3001 2008 322 18800 17.0 38.5 0.76 1.2 0
3001 2008 323 15000 16.8 37.3 0.76 1.0 0
3001 2008 324 17700 19.1 37.8 1 0.8 0
3001 2008 325 18300 16.2 36.1 1.07 0.8 0
3001 2008 326 18400 15.8 36.5 1 2.3 0
3001 2008 327 17900 16.2 36.9 0.94 0.4 0
3001 2008 328 9700 21.4 33.0 1.31 1.6 0
3001 2008 329 11800 23.3 32.7 1.31 1.2 0
3001 2008 330 23000 22.3 33.9 1.5 2.2 0
3001 2008 331 23200 18.9 36.2 1.6 1.2 0
3001 2008 332 21000 21.0 35.6 1.4 2.0 0
3001 2008 333 23300 18.9 33.3 1.23 1.4 0
3001 2008 334 23000 16.4 33.8 0.94 1.2 0
3001 2008 335 16900 15.0 36.7 0.94 0.8 0
3001 2008 336 17600 14.2 37.5 0.76 1.2 0
3001 2008 337 23400 15.0 36.2 0.76 0.8 0
3001 2008 338 23200 16.9 31.7 1.07 2.0 0
3001 2008 339 23000 10.5 29.1 0.66 2.4 0
3001 2008 340 22400 14.1 26.5 0.53 2.2 0
3001 2008 341 22900 13.2 28.2 0.57 2.4 0
3001 2008 342 23500 10.2 30.1 0.57 1.4 0
3001 2008 343 23300 9.9 30.4 0.53 1.2 0
3001 2008 344 23700 11.1 30.7 0.49 0.4 1
3001 2008 345 23500 12.9 30.3 0.61 1.2 0
3001 2008 346 22400 12.3 32.5 0.81 0.8 0
3001 2008 347 21700 13.4 32.9 0.94 1.2 0
3001 2008 348 20200 15.1 30.2 0.87 2.8 0
3001 2008 349 16900 16.9 30.0 1 2.2 0
3001 2008 350 13700 13.5 30.7 0.71 1.8 0
3001 2008 351 19600 12.4 28.9 0.94 2.0 0
3001 2008 352 19400 11.4 29.0 0.94 2.0 0
3001 2008 353 22700 15.3 28.8 0.94 1.6 0
3001 2008 354 23200 11.4 29.9 0.53 1.2 0
3001 2008 355 21500 15.7 31.2 0.71 1.2 0
3001 2008 356 19400 20.3 33.4 0.81 2.2 0
3001 2008 357 22800 15.9 34.1 0.71 1.0 0
3001 2008 358 21600 17.8 35.3 0.76 0.8 0
3001 2008 359 22400 16.2 36.0 0.76 2.3 0
3001 2008 360 22000 16.9 34.1 1 0.4 1
3001 2008 361 22200 15.3 33.8 1.15 0.4 0
3001 2008 362 20500 17.0 32.8 1.15 1.2 0
3001 2008 363 22700 18.2 34.2 1.07 0.8 0
3001 2008 364 23300 17.5 34.8 0.87 1.4 0
3001 2008 365 17200 13.8 38.5 0.71 0.8 0
3001 2008 366 19200 16.3 37.0 0.66 1.8 0
