*---------------------------------------------------------*
*   Country: Senegal
*   Station: SEN_HUB_fanaye
*   Station #: 3001
*   Year: 1985
*   Source: AfricaRice; historical observed data (1991-1999,2006-2011, 2013,2014)
*   Author: Pepijn van Oort (AfricaRice). Original Script by Justin van Wart (University Nebraska)
*   Longitude: -14.80 (decimal degrees East)
*   Latitude: 16.53 (decimal degrees North)
*   Elevation: 11 m.
*
*  Columns:
*  ========
*  1 station number
*  2 year
*  3 day
*  4 irradiation (kJ m-2 d-1)
*  5 minimum temperature (degrees Celsius)
*  6 maximum temperature (degrees Celsius)
*  7 actual vapour pressure (kPa)   
*  8 mean wind speed (m s-1)
*  9 precipitation (mm d-1)
*
** WCCDESCRIPTION=Senegal, SEN_HUB_fanaye
** WCCFORMAT=2
** WCCYEARNR= 1985
*
* COMMENT - START
*   Filename: SEN3001.985
*   Source file: SEN_HUBHIST_Fanaye.xlsx; sheet: GYGAReady_public_propagation
*   Source file contains station data (black) and propagated data (red).
*   When station data are available these are filled in in the current file.
*   When station data are not available the method uses NASA data from the POWER database.
*   Tmin, Tmax and Tdew from the POWER database are corrected for bias based on empirical regression between POWER data and available station data.
* COMMENT - END
*---------------------------------------------------------*
-14.80  16.53  11  0  0
3001 1985 001 7000 18.1 30.5 0.94 2.3 -99
3001 1985 002 14000 18.4 30.0 1.11 2.3 -99
3001 1985 003 9300 15.6 32.4 1.47 2.3 -99
3001 1985 004 7400 19.1 31.2 1.71 2.3 -99
3001 1985 005 16200 18.5 30.8 1.6 2.3 -99
3001 1985 006 16500 16.8 30.3 1.47 2.3 -99
3001 1985 007 17300 15.2 31.8 1.49 2.3 -99
3001 1985 008 18100 14.7 31.8 1.63 2.3 -99
3001 1985 009 17500 16.1 31.9 1.68 2.3 -99
3001 1985 010 16800 16.9 32.1 1.65 2.3 -99
3001 1985 011 18000 16.5 32.1 1.57 2.3 -99
3001 1985 012 16800 16.6 31.3 1.36 2.3 -99
3001 1985 013 17600 14.9 30.6 1.2 2.3 -99
3001 1985 014 13500 13.7 29.3 0.99 2.3 -99
3001 1985 015 17600 12.2 28.7 1.2 2.3 -99
3001 1985 016 16700 13.3 28.3 1.1 2.3 -99
3001 1985 017 16800 12.2 29.7 0.79 2.3 -99
3001 1985 018 17300 13.4 29.9 0.69 2.3 -99
3001 1985 019 18000 12.1 30.6 0.63 2.3 -99
3001 1985 020 14400 12.0 31.9 0.6 2.3 -99
3001 1985 021 18800 14.2 33.2 0.66 2.3 -99
3001 1985 022 18600 14.3 34.0 0.71 2.3 -99
3001 1985 023 18500 13.7 31.8 1.24 2.3 -99
3001 1985 024 15400 14.2 28.8 1.44 2.3 -99
3001 1985 025 15200 13.5 28.9 1.3 2.3 -99
3001 1985 026 9600 12.4 30.0 1.07 2.3 -99
3001 1985 027 19500 12.6 30.7 0.99 2.3 -99
3001 1985 028 19400 13.0 32.6 0.81 2.3 -99
3001 1985 029 19400 14.5 33.3 0.92 2.3 -99
3001 1985 030 20000 14.3 34.7 1.01 2.3 -99
3001 1985 031 18700 16.4 36.6 1.22 2.3 -99
3001 1985 032 17100 18.0 37.0 1.27 2.3 -99
3001 1985 033 20300 17.5 38.1 1.13 2.3 -99
3001 1985 034 21700 17.8 37.8 1.29 2.3 -99
3001 1985 035 22000 18.5 37.9 1.07 2.3 -99
3001 1985 036 20600 18.6 36.7 1.01 2.3 -99
3001 1985 037 22500 18.0 34.6 0.72 2.3 -99
3001 1985 038 22800 13.8 33.7 0.56 2.3 -99
3001 1985 039 22100 13.7 34.1 0.59 2.3 -99
3001 1985 040 21600 13.4 34.5 0.63 2.3 -99
3001 1985 041 23400 15.0 35.7 0.82 2.3 -99
3001 1985 042 22600 16.4 35.8 0.76 2.3 -99
3001 1985 043 23100 15.9 35.7 0.94 2.3 -99
3001 1985 044 24200 15.7 36.4 0.89 2.3 -99
3001 1985 045 24000 15.6 36.9 0.69 2.3 -99
3001 1985 046 23800 16.0 36.9 0.81 2.3 -99
3001 1985 047 24000 16.4 36.9 0.76 2.3 -99
3001 1985 048 23100 16.1 36.8 0.87 2.3 -99
3001 1985 049 16600 18.1 37.1 0.97 2.3 -99
3001 1985 050 13600 17.5 34.3 1.28 2.3 -99
3001 1985 051 16300 17.9 32.5 1.38 2.3 -99
3001 1985 052 14200 18.6 34.0 1.27 2.3 -99
3001 1985 053 18700 17.6 34.6 1.01 2.3 -99
3001 1985 054 14500 14.8 36.6 1.16 2.3 -99
3001 1985 055 19900 18.4 34.4 1.28 2.3 -99
3001 1985 056 23800 17.1 35.4 1.17 2.3 -99
3001 1985 057 19500 16.8 37.2 1.07 2.3 -99
3001 1985 058 24500 17.9 37.7 0.9 2.3 -99
3001 1985 059 25800 18.2 37.6 1.02 2.3 -99
3001 1985 060 20600 20.5 35.8 0.87 2.3 -99
3001 1985 061 25500 17.4 36.4 0.84 2.3 -99
3001 1985 062 25400 17.1 35.7 0.74 2.3 -99
3001 1985 063 24300 17.2 35.3 0.7 2.3 -99
3001 1985 064 23200 15.7 35.5 0.77 2.3 -99
3001 1985 065 21400 17.4 37.2 0.81 2.3 -99
3001 1985 066 15200 18.3 38.0 0.82 2.3 -99
3001 1985 067 14900 22.2 37.3 1.22 2.3 -99
3001 1985 068 9400 19.3 34.4 1.52 2.3 -99
3001 1985 069 18100 19.0 35.7 0.74 2.3 -99
3001 1985 070 9000 19.2 33.6 0.77 2.3 -99
3001 1985 071 20400 16.6 33.7 0.91 2.3 -99
3001 1985 072 22900 17.1 33.6 1.07 2.3 -99
3001 1985 073 7600 17.2 33.6 1.39 2.3 -99
3001 1985 074 18500 20.5 34.3 1.58 2.3 -99
3001 1985 075 24000 19.1 34.9 1.48 2.3 -99
3001 1985 076 19300 20.6 35.6 1.32 2.3 -99
3001 1985 077 15900 19.9 35.4 1.21 2.3 -99
3001 1985 078 22600 21.0 34.1 1.3 2.3 -99
3001 1985 079 18800 19.9 36.5 1.44 2.3 -99
3001 1985 080 24900 22.1 38.1 1.19 2.3 -99
3001 1985 081 24300 22.1 37.4 1.02 2.3 -99
3001 1985 082 25200 22.9 37.2 1.55 2.3 -99
3001 1985 083 25000 22.7 37.0 1.68 2.3 -99
3001 1985 084 26500 20.7 37.7 1.47 2.3 -99
3001 1985 085 27700 20.2 38.0 1.28 2.3 -99
3001 1985 086 28400 19.5 37.6 1.12 2.3 -99
3001 1985 087 25200 18.6 35.0 0.97 2.3 -99
3001 1985 088 28200 18.6 35.2 1.26 2.3 -99
3001 1985 089 27900 17.0 35.9 1.07 2.3 -99
3001 1985 090 25100 18.4 36.2 0.78 2.3 -99
3001 1985 091 26000 17.3 36.0 0.95 2.3 -99
3001 1985 092 22800 18.7 35.6 1.27 2.3 -99
3001 1985 093 26100 18.1 37.3 0.8 2.3 -99
3001 1985 094 27600 17.9 37.1 0.71 2.3 -99
3001 1985 095 28500 17.3 38.1 0.71 2.3 -99
3001 1985 096 28400 17.5 38.7 0.68 2.3 -99
3001 1985 097 28300 19.6 38.8 1.08 2.3 -99
3001 1985 098 25300 21.7 36.6 2.16 2.3 -99
3001 1985 099 27400 21.8 38.1 1.93 2.3 -99
3001 1985 100 20900 20.5 39.2 1.02 2.3 -99
3001 1985 101 22200 21.4 37.5 1.16 2.3 -99
3001 1985 102 21200 18.1 33.2 0.9 2.3 -99
3001 1985 103 23100 15.9 32.9 1.24 2.3 -99
3001 1985 104 29500 15.9 34.4 1.51 2.3 -99
3001 1985 105 27600 18.2 37.3 1.47 2.3 -99
3001 1985 106 27800 20.3 38.3 1.4 2.3 -99
3001 1985 107 27500 21.0 37.0 1.2 2.3 -99
3001 1985 108 28900 19.3 36.9 0.81 2.3 -99
3001 1985 109 26400 17.2 36.6 0.68 2.3 -99
3001 1985 110 23100 18.9 37.3 1.17 2.3 -99
3001 1985 111 24900 18.9 37.6 1.2 2.3 -99
3001 1985 112 27300 19.8 38.6 1.31 2.3 -99
3001 1985 113 27400 20.5 39.1 1.11 2.3 -99
3001 1985 114 26000 20.4 37.5 1.17 2.3 -99
3001 1985 115 26500 18.2 33.8 1.28 2.3 -99
3001 1985 116 25800 17.9 34.4 1.47 2.3 -99
3001 1985 117 26400 19.2 34.4 1.43 2.3 -99
3001 1985 118 26100 21.0 36.0 1.47 2.3 -99
3001 1985 119 26200 20.3 36.8 1.41 2.3 -99
3001 1985 120 23100 21.0 37.2 1.45 2.3 -99
3001 1985 121 27000 21.2 36.9 1.59 2.3 -99
3001 1985 122 28000 20.3 37.3 1.64 2.3 -99
3001 1985 123 27700 20.3 37.4 1.71 2.3 -99
3001 1985 124 28100 21.3 38.1 1.52 2.3 -99
3001 1985 125 27300 22.5 38.8 1.34 2.3 -99
3001 1985 126 28000 24.0 38.5 1.16 2.3 -99
3001 1985 127 27600 22.4 38.2 1.31 2.3 -99
3001 1985 128 27500 22.5 38.1 1.28 2.3 -99
3001 1985 129 27000 21.8 39.0 1.48 2.3 -99
3001 1985 130 28200 20.8 37.9 1.57 2.3 -99
3001 1985 131 25100 21.0 38.7 1.55 2.3 -99
3001 1985 132 28100 21.8 40.5 1.36 2.3 -99
3001 1985 133 27700 23.4 40.4 1.24 2.3 -99
3001 1985 134 28300 23.2 39.5 1.28 2.3 -99
3001 1985 135 27600 23.5 38.1 1.24 2.3 -99
3001 1985 136 28500 19.4 36.6 1.2 2.3 -99
3001 1985 137 28200 19.8 37.5 1.26 2.3 -99
3001 1985 138 26900 21.1 38.4 1.53 2.3 -99
3001 1985 139 27500 21.3 39.9 1.59 2.3 -99
3001 1985 140 27300 23.4 41.4 1.5 2.3 -99
3001 1985 141 26800 25.3 42.6 1.28 2.3 -99
3001 1985 142 28100 22.8 42.1 1.12 2.3 -99
3001 1985 143 27300 22.8 41.7 1.47 2.3 -99
3001 1985 144 28000 23.4 40.7 1.28 2.3 -99
3001 1985 145 28300 23.4 40.9 1.35 2.3 -99
3001 1985 146 28200 23.8 40.2 1.36 2.3 -99
3001 1985 147 27100 24.6 42.5 1.34 2.3 -99
3001 1985 148 28700 24.6 39.7 1.17 2.3 -99
3001 1985 149 29100 21.5 39.2 1.08 2.3 -99
3001 1985 150 28700 21.0 39.6 1.2 2.3 -99
3001 1985 151 27000 21.8 39.8 1.36 2.3 -99
3001 1985 152 25700 22.1 41.0 1.53 2.3 -99
3001 1985 153 27300 24.0 41.7 1.38 2.3 -99
3001 1985 154 27700 24.7 42.2 1.34 2.3 -99
3001 1985 155 27500 25.4 42.4 1.34 2.3 -99
3001 1985 156 26800 24.7 42.0 1.41 2.3 -99
3001 1985 157 27700 25.4 44.2 1.06 2.3 -99
3001 1985 158 24700 23.9 39.3 1.82 2.3 -99
3001 1985 159 27700 22.4 41.2 1.74 2.3 -99
3001 1985 160 27300 24.0 43.8 1.18 2.3 -99
3001 1985 161 27300 23.9 41.2 1.51 2.3 -99
3001 1985 162 28000 24.3 39.2 1.67 2.3 -99
3001 1985 163 28000 22.3 38.3 1.83 2.3 -99
3001 1985 164 27600 23.4 38.0 1.74 2.3 -99
3001 1985 165 26000 24.2 38.5 1.71 2.3 -99
3001 1985 166 26200 23.0 40.2 1.66 2.3 -99
3001 1985 167 27500 25.5 41.9 1.53 2.3 -99
3001 1985 168 28200 26.3 42.1 1.47 2.3 -99
3001 1985 169 26800 24.9 39.7 1.85 2.3 -99
3001 1985 170 26400 23.3 38.2 1.87 2.3 -99
3001 1985 171 25800 20.4 35.9 2.34 2.3 -99
3001 1985 172 24900 20.7 36.2 2.58 2.3 -99
3001 1985 173 26300 24.1 38.4 2.43 2.3 -99
3001 1985 174 27100 22.7 39.2 1.96 2.3 -99
3001 1985 175 27000 25.0 41.4 1.68 2.3 -99
3001 1985 176 27900 21.7 43.6 1.71 2.3 -99
3001 1985 177 25500 24.4 37.0 2.66 2.3 -99
3001 1985 178 25300 24.7 36.3 2.81 2.3 -99
3001 1985 179 24900 23.1 34.7 2.73 2.3 -99
3001 1985 180 25500 20.4 34.6 2.66 2.3 -99
3001 1985 181 24100 22.2 36.3 2.7 2.3 -99
3001 1985 182 27400 22.1 37.9 2.75 2.3 -99
3001 1985 183 27300 22.6 39.5 2.34 2.3 -99
3001 1985 184 27200 22.1 36.6 2.71 2.3 -99
3001 1985 185 26600 24.5 35.5 2.92 2.3 -99
3001 1985 186 28200 20.4 36.5 2.2 2.3 -99
3001 1985 187 28000 21.2 38.3 2.19 2.3 -99
3001 1985 188 27800 21.3 38.4 2.54 2.3 -99
3001 1985 189 26400 19.8 34.5 2.58 2.3 -99
3001 1985 190 26500 22.2 36.6 2.49 2.3 -99
3001 1985 191 26900 23.0 34.4 2.88 2.3 -99
3001 1985 192 24400 20.9 35.3 2.92 2.3 -99
3001 1985 193 27000 22.0 35.4 2.71 2.3 -99
3001 1985 194 19900 22.7 37.0 2.88 2.3 -99
3001 1985 195 26200 19.2 31.7 3.35 2.3 -99
3001 1985 196 24900 21.5 32.5 3.21 2.3 -99
3001 1985 197 26500 19.1 34.3 2.88 2.3 -99
3001 1985 198 24200 21.6 34.7 2.97 2.3 -99
3001 1985 199 25700 23.0 32.5 3.29 2.3 -99
3001 1985 200 21100 20.5 30.8 3.43 2.3 -99
3001 1985 201 25500 20.8 33.9 3.04 2.3 -99
3001 1985 202 28500 20.3 36.5 2.73 2.3 -99
3001 1985 203 27600 21.7 34.4 3.14 2.3 -99
3001 1985 204 20900 20.8 31.2 3.61 2.3 -99
3001 1985 205 15200 20.9 29.9 3.64 2.3 -99
3001 1985 206 26800 21.0 31.6 3.51 2.3 -99
3001 1985 207 19900 19.9 32.1 3.23 2.3 -99
3001 1985 208 23900 21.3 32.7 3.21 2.3 -99
3001 1985 209 25200 21.0 31.4 3.64 2.3 -99
3001 1985 210 28200 19.3 35.8 2.97 2.3 -99
3001 1985 211 26800 21.6 36.2 2.58 2.3 -99
3001 1985 212 27600 22.8 35.0 3.12 2.3 -99
3001 1985 213 26100 21.2 32.9 3.35 2.3 -99
3001 1985 214 21900 22.2 33.4 3.21 2.3 -99
3001 1985 215 24900 22.3 36.5 2.73 2.3 -99
3001 1985 216 27400 23.9 39.0 1.98 2.3 -99
3001 1985 217 23100 22.2 36.4 2.41 2.3 -99
3001 1985 218 25300 23.4 35.7 2.65 2.3 -99
3001 1985 219 26200 23.4 35.0 2.99 2.3 -99
3001 1985 220 25300 23.7 33.6 3.29 2.3 -99
3001 1985 221 24700 22.3 35.0 3.1 2.3 -99
3001 1985 222 25000 22.4 35.5 2.99 2.3 -99
3001 1985 223 18600 23.3 32.7 3.47 2.3 -99
3001 1985 224 24700 21.0 31.2 3.61 2.3 -99
3001 1985 225 26600 21.1 35.6 2.93 2.3 -99
3001 1985 226 20700 21.2 34.7 2.7 2.3 -99
3001 1985 227 26000 24.4 35.4 3.1 2.3 -99
3001 1985 228 24500 20.7 34.0 3.21 2.3 -99
3001 1985 229 26400 22.0 34.0 3.19 2.3 -99
3001 1985 230 17300 21.7 32.8 3.47 2.3 -99
3001 1985 231 22500 22.2 31.0 3.64 2.3 -99
3001 1985 232 25900 20.7 30.1 3.74 2.3 -99
3001 1985 233 26600 21.4 31.0 3.7 2.3 -99
3001 1985 234 25400 21.3 31.1 3.68 2.3 -99
3001 1985 235 25800 21.3 30.9 3.61 2.3 -99
3001 1985 236 24200 19.8 30.3 3.57 2.3 -99
3001 1985 237 26200 21.1 32.5 3.47 2.3 -99
3001 1985 238 24300 20.4 31.7 3.39 2.3 -99
3001 1985 239 22900 20.8 31.5 3.29 2.3 -99
3001 1985 240 24900 22.8 35.6 2.93 2.3 -99
3001 1985 241 25400 23.3 34.9 3.29 2.3 -99
3001 1985 242 25500 22.5 38.0 3.14 2.3 -99
3001 1985 243 23800 23.2 33.4 3.47 2.3 -99
3001 1985 244 20300 21.7 31.3 3.47 2.3 -99
3001 1985 245 12800 20.3 29.9 3.66 2.3 -99
3001 1985 246 23400 20.4 30.7 3.55 2.3 -99
3001 1985 247 25000 20.5 33.7 3.27 2.3 -99
3001 1985 248 24900 21.3 32.5 3.45 2.3 -99
3001 1985 249 11100 21.8 30.0 3.61 2.3 -99
3001 1985 250 23500 21.9 30.5 3.59 2.3 -99
3001 1985 251 24900 21.0 34.9 3.01 2.3 -99
3001 1985 252 25500 21.0 35.3 2.78 2.3 -99
3001 1985 253 24000 21.6 32.3 3.39 2.3 -99
3001 1985 254 24200 22.1 34.1 3.39 2.3 -99
3001 1985 255 23900 22.3 36.8 2.75 2.3 -99
3001 1985 256 24500 22.9 40.7 1.95 2.3 -99
3001 1985 257 23900 24.4 35.5 3.08 2.3 -99
3001 1985 258 20300 23.0 35.2 3.17 2.3 -99
3001 1985 259 23500 23.3 35.2 2.97 2.3 -99
3001 1985 260 25100 24.4 41.8 1.98 2.3 -99
3001 1985 261 26600 21.9 38.7 2.11 2.3 -99
3001 1985 262 24000 23.5 36.1 3.04 2.3 -99
3001 1985 263 16100 21.7 31.7 3.37 2.3 -99
3001 1985 264 22500 21.3 34.4 2.95 2.3 -99
3001 1985 265 22100 22.2 40.5 2.01 2.3 -99
3001 1985 266 23700 22.2 38.5 2.2 2.3 -99
3001 1985 267 22800 21.8 38.6 2.21 2.3 -99
3001 1985 268 23900 23.6 40.0 1.66 2.3 -99
3001 1985 269 24300 23.7 38.3 1.55 2.3 -99
3001 1985 270 6500 24.2 37.4 1.76 2.3 -99
3001 1985 271 14200 26.7 38.7 1.87 2.3 -99
3001 1985 272 20800 25.0 38.8 2.12 2.3 -99
3001 1985 273 23600 25.8 39.5 2.2 2.3 -99
3001 1985 274 21700 23.8 40.0 2.13 2.3 -99
3001 1985 275 22600 22.0 41.6 1.81 2.3 -99
3001 1985 276 24100 24.2 38.3 1.52 2.3 -99
3001 1985 277 23400 22.6 38.8 1.67 2.3 -99
3001 1985 278 21900 24.0 31.0 3.35 2.3 -99
3001 1985 279 19600 21.6 33.8 3.14 2.3 -99
3001 1985 280 21600 22.5 40.2 2 2.3 -99
3001 1985 281 21800 23.4 40.6 1.57 2.3 -99
3001 1985 282 23000 22.7 38.9 1.32 2.3 -99
3001 1985 283 19800 21.9 38.4 1.53 2.3 -99
3001 1985 284 20600 22.1 38.2 1.6 2.3 -99
3001 1985 285 20100 21.7 38.7 1.2 2.3 -99
3001 1985 286 20900 21.9 37.8 1.6 2.3 -99
3001 1985 287 21800 22.8 38.8 1.42 2.3 -99
3001 1985 288 18300 22.3 38.4 1.3 2.3 -99
3001 1985 289 22100 21.2 37.9 1.34 2.3 -99
3001 1985 290 22200 21.2 38.4 1.54 2.3 -99
3001 1985 291 20000 24.1 39.4 1.52 2.3 -99
3001 1985 292 21100 24.5 39.8 1.31 2.3 -99
3001 1985 293 21700 23.7 39.3 1.24 2.3 -99
3001 1985 294 20900 22.8 39.9 1.33 2.3 -99
3001 1985 295 22000 23.9 40.3 1.25 2.3 -99
3001 1985 296 19000 22.3 38.8 1.26 2.3 -99
3001 1985 297 20500 22.0 39.6 1.13 2.3 -99
3001 1985 298 22500 21.2 39.7 1.03 2.3 -99
3001 1985 299 22100 20.8 39.9 1.08 2.3 -99
3001 1985 300 20900 21.4 39.5 1.28 2.3 -99
3001 1985 301 20600 22.0 38.5 1.1 2.3 -99
3001 1985 302 15800 19.8 38.0 1.07 2.3 -99
3001 1985 303 19300 19.3 38.0 1.1 2.3 -99
3001 1985 304 18100 19.8 37.8 1.15 2.3 -99
3001 1985 305 21700 20.0 38.2 1.18 2.3 -99
3001 1985 306 19700 23.3 39.2 1.29 2.3 -99
3001 1985 307 21200 22.5 39.2 1.2 2.3 -99
3001 1985 308 21200 22.1 38.9 1.17 2.3 -99
3001 1985 309 21800 21.1 39.1 1.12 2.3 -99
3001 1985 310 21500 21.0 38.8 1.2 2.3 -99
3001 1985 311 21500 20.9 38.3 1.22 2.3 -99
3001 1985 312 21300 19.9 37.8 1.28 2.3 -99
3001 1985 313 19200 19.9 36.7 1.51 2.3 -99
3001 1985 314 20800 21.0 36.0 1.54 2.3 -99
3001 1985 315 20900 20.8 35.7 1.48 2.3 -99
3001 1985 316 19800 20.5 37.3 1.26 2.3 -99
3001 1985 317 20300 19.9 37.7 1.18 2.3 -99
3001 1985 318 18900 20.7 36.9 1.24 2.3 -99
3001 1985 319 15900 20.9 35.5 1.48 2.3 -99
3001 1985 320 17500 21.5 35.4 1.38 2.3 -99
3001 1985 321 14600 21.2 33.5 1.27 2.3 -99
3001 1985 322 17400 20.2 33.6 1.3 2.3 -99
3001 1985 323 17500 18.6 32.5 1.27 2.3 -99
3001 1985 324 16800 19.0 34.6 1.13 2.3 -99
3001 1985 325 18100 17.7 34.4 0.99 2.3 -99
3001 1985 326 19900 17.3 34.8 0.86 2.3 -99
3001 1985 327 19900 17.4 35.5 0.79 2.3 -99
3001 1985 328 15500 18.7 35.5 0.91 2.3 -99
3001 1985 329 19200 18.6 35.5 0.97 2.3 -99
3001 1985 330 12700 20.9 36.0 1.26 2.3 -99
3001 1985 331 18300 20.0 35.8 1.56 2.3 -99
3001 1985 332 19300 20.9 36.6 1.54 2.3 -99
3001 1985 333 17600 20.7 37.9 1.48 2.3 -99
3001 1985 334 9900 21.6 37.1 1.38 2.3 -99
3001 1985 335 14700 21.2 38.6 1.26 2.3 -99
3001 1985 336 18500 21.1 38.7 1.1 2.3 -99
3001 1985 337 19500 20.2 38.3 0.97 2.3 -99
3001 1985 338 17000 20.4 37.0 1.04 2.3 -99
3001 1985 339 13400 19.3 36.2 0.95 2.3 -99
3001 1985 340 7200 21.2 34.7 0.75 2.3 -99
3001 1985 341 17600 21.1 35.6 0.84 2.3 -99
3001 1985 342 14400 18.6 34.4 0.82 2.3 -99
3001 1985 343 17600 16.7 31.3 1.12 2.3 -99
3001 1985 344 16700 14.5 31.1 1.19 2.3 -99
3001 1985 345 15000 15.1 31.0 1.07 2.3 -99
3001 1985 346 17400 15.2 30.0 0.9 2.3 -99
3001 1985 347 13000 15.3 30.2 0.94 2.3 -99
3001 1985 348 15300 15.0 29.9 0.92 2.3 -99
3001 1985 349 7700 13.9 28.7 0.83 2.3 -99
3001 1985 350 12500 16.2 28.0 0.81 2.3 -99
3001 1985 351 14600 12.9 28.3 1.16 2.3 -99
3001 1985 352 17200 13.6 30.0 1.2 2.3 -99
3001 1985 353 12100 13.6 31.8 1.2 2.3 -99
3001 1985 354 3200 17.5 29.1 1.76 2.3 -99
3001 1985 355 14800 18.9 31.0 1.93 2.3 -99
3001 1985 356 15600 19.6 33.2 1.46 2.3 -99
3001 1985 357 11600 21.0 33.6 1.15 2.3 -99
3001 1985 358 15900 18.8 32.7 1.07 2.3 -99
3001 1985 359 13700 17.4 32.7 0.89 2.3 -99
3001 1985 360 17900 19.2 33.3 0.88 2.3 -99
3001 1985 361 13100 19.2 34.2 1.07 2.3 -99
3001 1985 362 9300 17.9 33.5 1.24 2.3 -99
3001 1985 363 17400 13.7 27.7 1.52 2.3 -99
3001 1985 364 17000 12.6 28.8 1.56 2.3 -99
3001 1985 365 16300 13.9 29.8 1.44 2.3 -99
