*---------------------------------------------------------*
*   Country: Senegal
*   Station: SEN_HUB_fanaye
*   Station #: 3001
*   Year: 1992
*   Source: AfricaRice; historical observed data (1991-1999,2006-2011, 2013,2014)
*   Author: Pepijn van Oort (AfricaRice). Original Script by Justin van Wart (University Nebraska)
*   Longitude: -14.80 (decimal degrees East)
*   Latitude: 16.53 (decimal degrees North)
*   Elevation: 11 m.
*
*  Columns:
*  ========
*  1 station number
*  2 year
*  3 day
*  4 irradiation (kJ m-2 d-1)
*  5 minimum temperature (degrees Celsius)
*  6 maximum temperature (degrees Celsius)
*  7 actual vapour pressure (kPa)   
*  8 mean wind speed (m s-1)
*  9 precipitation (mm d-1)
*
** WCCDESCRIPTION=Senegal, SEN_HUB_fanaye
** WCCFORMAT=2
** WCCYEARNR= 1992
*
* COMMENT - START
*   Filename: SEN3001.992
*   Source file: SEN_HUBHIST_Fanaye.xlsx; sheet: GYGAReady_public_propagation
*   Source file contains station data (black) and propagated data (red).
*   When station data are available these are filled in in the current file.
*   When station data are not available the method uses NASA data from the POWER database.
*   Tmin, Tmax and Tdew from the POWER database are corrected for bias based on empirical regression between POWER data and available station data.
* COMMENT - END
*---------------------------------------------------------*
-14.80  16.53  11  0  0
3001 1992 001 16300 16.0 30.1 0.81 2.3 -99
3001 1992 002 15900 13.8 31.1 0.79 2.3 -99
3001 1992 003 14400 19.1 32.0 0.94 2.3 -99
3001 1992 004 15500 16.7 31.5 0.92 2.3 -99
3001 1992 005 15400 15.7 31.9 0.84 2.3 -99
3001 1992 006 15800 16.0 33.0 0.85 2.3 -99
3001 1992 007 10900 14.7 28.7 0.63 2.3 -99
3001 1992 008 16300 11.7 31.0 0.73 2.3 -99
3001 1992 009 15200 12.0 31.5 0.72 2.3 -99
3001 1992 010 18600 11.8 33.4 0.81 2.3 -99
3001 1992 011 18600 11.8 32.1 0.84 2.3 -99
3001 1992 012 17300 11.7 32.8 1 2.3 -99
3001 1992 013 9300 20.8 28.5 1.1 2.3 -99
3001 1992 014 15800 15.6 31.9 1.2 2.3 -99
3001 1992 015 19000 14.8 31.5 1 2.3 -99
3001 1992 016 19400 11.2 32.1 1.2 2.3 -99
3001 1992 017 19800 11.0 33.5 1.1 2.3 -99
3001 1992 018 19000 11.9 33.5 0.95 2.3 -99
3001 1992 019 20000 13.1 32.3 1.01 2.3 -99
3001 1992 020 19400 17.0 29.1 1.2 2.3 -99
3001 1992 021 19200 14.5 29.5 1.31 2.3 -99
3001 1992 022 20300 12.9 30.2 1.1 2.3 -99
3001 1992 023 19000 14.2 29.6 1.13 2.3 -99
3001 1992 024 18000 15.7 32.4 1.6 2.3 -99
3001 1992 025 16800 18.3 33.9 1.98 2.3 -99
3001 1992 026 14100 19.2 31.6 1.77 2.3 -99
3001 1992 027 17800 17.8 31.7 1.54 2.3 -99
3001 1992 028 16500 20.2 31.8 1.48 2.3 -99
3001 1992 029 18500 16.6 33.7 1.62 2.3 -99
3001 1992 030 18000 16.8 33.2 1.85 2.3 -99
3001 1992 031 19400 16.6 30.8 1.68 2.3 -99
3001 1992 032 20600 15.2 28.9 1.67 2.3 -99
3001 1992 033 19200 15.8 28.9 1.76 2.3 -99
3001 1992 034 11600 18.2 25.9 2.2 2.3 -99
3001 1992 035 19800 16.4 29.2 2.01 2.3 -99
3001 1992 036 20300 16.1 30.7 1.67 2.3 -99
3001 1992 037 21400 14.5 30.9 1.43 2.3 -99
3001 1992 038 20100 16.0 31.7 1.19 2.3 -99
3001 1992 039 16800 18.2 31.2 1.17 2.3 -99
3001 1992 040 12000 17.5 26.9 1.24 2.3 -99
3001 1992 041 18700 15.4 30.9 1.24 2.3 -99
3001 1992 042 16400 17.5 22.9 1.24 2.3 -99
3001 1992 043 16400 17.4 19.4 1.85 2.3 -99
3001 1992 044 13300 17.5 26.0 2.05 2.3 -99
3001 1992 045 8400 17.9 24.4 1.71 2.3 -99
3001 1992 046 18700 18.3 32.8 1.6 2.3 -99
3001 1992 047 19900 18.5 34.2 1.28 2.3 -99
3001 1992 048 21100 16.8 35.3 1.2 2.3 -99
3001 1992 049 19100 16.9 35.7 1.03 2.3 -99
3001 1992 050 20700 16.9 37.9 0.85 2.3 -99
3001 1992 051 21400 17.0 38.0 0.95 2.3 -99
3001 1992 052 21700 17.7 38.1 0.8 2.3 -99
3001 1992 053 22200 17.1 38.8 0.87 2.3 -99
3001 1992 054 21100 18.3 35.0 0.9 2.3 -99
3001 1992 055 20600 18.5 34.0 1.18 2.3 -99
3001 1992 056 19000 19.5 37.4 1.24 2.3 -99
3001 1992 057 20300 19.3 37.4 1 2.3 -99
3001 1992 058 18800 19.2 35.6 0.97 2.3 -99
3001 1992 059 18500 19.5 32.6 0.85 2.3 -99
3001 1992 060 22300 15.5 27.1 1.09 2.3 -99
3001 1992 061 21700 13.9 29.0 1.16 2.3 -99
3001 1992 062 23400 14.3 31.6 1.2 2.3 -99
3001 1992 063 24700 14.7 31.9 1.2 2.3 -99
3001 1992 064 23700 13.8 30.7 1.27 2.3 -99
3001 1992 065 22400 15.4 31.7 1.1 2.3 -99
3001 1992 066 23000 19.5 32.2 1.1 2.3 -99
3001 1992 067 25700 15.1 34.9 1.02 2.3 -99
3001 1992 068 17800 18.1 33.9 0.89 2.3 -99
3001 1992 069 21400 20.7 34.1 0.98 2.3 -99
3001 1992 070 22800 18.7 35.1 1.1 2.3 -99
3001 1992 071 18900 20.8 33.2 1.1 2.3 -99
3001 1992 072 20800 20.1 30.6 0.94 2.3 -99
3001 1992 073 22400 18.7 31.0 1.15 2.3 -99
3001 1992 074 11300 21.1 28.1 0.94 2.3 -99
3001 1992 075 18500 20.2 31.5 0.72 2.3 -99
3001 1992 076 11300 20.7 29.9 0.84 2.3 -99
3001 1992 077 22300 19.0 33.3 0.88 2.3 -99
3001 1992 078 11900 18.7 30.9 0.81 2.3 -99
3001 1992 079 26200 13.6 34.8 0.92 2.3 -99
3001 1992 080 26000 13.5 35.4 0.81 2.3 -99
3001 1992 081 24400 17.8 36.0 0.9 2.3 -99
3001 1992 082 24300 18.2 34.9 0.76 2.3 -99
3001 1992 083 23700 19.3 33.6 0.84 2.3 -99
3001 1992 084 24700 15.4 34.8 0.94 2.3 -99
3001 1992 085 24700 17.9 35.4 1.15 2.3 -99
3001 1992 086 24300 16.8 36.9 1.2 2.3 -99
3001 1992 087 23800 21.2 36.6 1.16 2.3 -99
3001 1992 088 25100 19.7 37.6 1.02 2.3 -99
3001 1992 089 24800 22.0 37.8 1.31 2.3 -99
3001 1992 090 23600 19.5 38.1 1.44 2.3 -99
3001 1992 091 24000 20.1 34.7 1.64 2.3 -99
3001 1992 092 23200 19.1 33.7 1.29 2.3 -99
3001 1992 093 12600 20.8 28.0 1.54 2.3 -99
3001 1992 094 25200 18.2 35.9 1.52 2.3 -99
3001 1992 095 24400 18.8 34.8 1.1 2.3 -99
3001 1992 096 25600 18.8 33.5 1.27 2.3 -99
3001 1992 097 12400 20.0 31.1 1.19 2.3 -99
3001 1992 098 20500 19.6 33.3 0.81 2.3 -99
3001 1992 099 26200 13.9 35.8 0.77 2.3 -99
3001 1992 100 24100 17.1 34.8 1.19 2.3 -99
3001 1992 101 26100 16.3 33.6 1.36 2.3 -99
3001 1992 102 26400 16.3 34.7 1.47 2.3 -99
3001 1992 103 25800 16.9 35.8 1.62 2.3 -99
3001 1992 104 25000 19.1 39.1 1.4 2.3 -99
3001 1992 105 23000 19.9 39.9 1.12 2.3 -99
3001 1992 106 19500 24.2 38.7 0.91 2.3 -99
3001 1992 107 20600 22.5 38.1 0.75 2.3 -99
3001 1992 108 26700 20.1 39.8 1.01 2.3 -99
3001 1992 109 26800 20.9 39.6 1.46 2.3 -99
3001 1992 110 25000 17.6 39.0 1.48 2.3 -99
3001 1992 111 25400 19.9 38.8 1.75 2.3 -99
3001 1992 112 24900 19.7 36.7 1.53 2.3 -99
3001 1992 113 25600 18.2 36.7 1.57 2.3 -99
3001 1992 114 26300 17.2 35.9 1.57 2.3 -99
3001 1992 115 25600 17.5 37.1 1.57 2.3 -99
3001 1992 116 20400 19.7 39.9 1.04 2.3 -99
3001 1992 117 24400 24.8 42.1 1.26 2.3 -99
3001 1992 118 25000 22.6 40.8 1.1 2.3 -99
3001 1992 119 23300 21.0 39.1 1.16 2.3 -99
3001 1992 120 23400 19.9 37.5 1.32 2.3 -99
3001 1992 121 23200 18.7 35.6 1.43 2.3 -99
3001 1992 122 20800 18.7 32.3 1.48 2.3 -99
3001 1992 123 23500 18.0 33.1 1.84 2.3 -99
3001 1992 124 23000 18.8 36.8 1.49 2.3 -99
3001 1992 125 19500 23.7 35.5 1.44 2.3 -99
3001 1992 126 21200 23.4 35.4 1.57 2.3 -99
3001 1992 127 11500 24.2 34.8 1.67 2.3 -99
3001 1992 128 16100 27.7 40.6 1.49 2.3 -99
3001 1992 129 19700 28.9 42.7 1.24 2.3 -99
3001 1992 130 24900 28.7 41.9 1.57 2.3 -99
3001 1992 131 23500 24.8 40.8 1.24 2.3 -99
3001 1992 132 27000 21.3 40.7 1.19 2.3 -99
3001 1992 133 27500 21.2 41.3 1.3 2.3 -99
3001 1992 134 25800 21.3 42.0 1.25 2.3 -99
3001 1992 135 25700 21.9 42.1 1.12 2.3 -99
3001 1992 136 25700 22.4 41.7 1.3 2.3 -99
3001 1992 137 25400 20.8 39.6 1.41 2.3 -99
3001 1992 138 23500 20.3 38.5 1.66 2.3 -99
3001 1992 139 18900 22.8 38.0 1.98 2.3 -99
3001 1992 140 18100 24.7 35.5 2.36 2.3 -99
3001 1992 141 24400 21.7 36.5 1.96 2.3 -99
3001 1992 142 25200 20.1 40.1 1.89 2.3 -99
3001 1992 143 23700 21.2 39.5 1.74 2.3 -99
3001 1992 144 23000 22.0 40.3 1.74 2.3 -99
3001 1992 145 20800 25.6 42.5 1.52 2.3 -99
3001 1992 146 24100 24.0 40.0 1.51 2.3 -99
3001 1992 147 18900 23.8 38.3 1.82 2.3 -99
3001 1992 148 15000 23.9 33.8 2.08 2.3 -99
3001 1992 149 19400 23.4 38.4 1.81 2.3 -99
3001 1992 150 17800 26.2 40.1 1.65 2.3 -99
3001 1992 151 21300 27.7 41.7 2.3 2.3 -99
3001 1992 152 19900 26.7 37.9 2.33 2.3 -99
3001 1992 153 14300 26.2 39.5 1.81 2.3 -99
3001 1992 154 20200 29.1 39.8 1.8 2.3 -99
3001 1992 155 21000 25.9 41.9 1.7 2.3 -99
3001 1992 156 20300 28.6 39.0 1.74 2.3 -99
3001 1992 157 16600 28.9 41.8 1.53 2.3 -99
3001 1992 158 18200 31.1 41.3 1.38 2.3 -99
3001 1992 159 21400 26.1 38.2 1.45 2.3 -99
3001 1992 160 20200 24.7 33.8 1.84 2.3 -99
3001 1992 161 25300 23.4 39.1 1.96 2.3 -99
3001 1992 162 21900 24.9 38.5 1.81 2.3 -99
3001 1992 163 21100 23.1 42.8 1.25 2.3 -99
3001 1992 164 23200 29.3 42.4 1.12 2.3 -99
3001 1992 165 26600 23.2 39.3 1.28 2.3 -99
3001 1992 166 26900 20.8 38.3 1.27 2.3 -99
3001 1992 167 26800 21.5 39.2 1.58 2.3 -99
3001 1992 168 22000 24.7 41.8 1.5 2.3 -99
3001 1992 169 24300 24.9 40.3 1.42 2.3 -99
3001 1992 170 24800 22.7 40.3 1.46 2.3 -99
3001 1992 171 24100 24.9 41.2 1.39 2.3 -99
3001 1992 172 24200 26.1 40.2 1.5 2.3 -99
3001 1992 173 24000 24.7 37.9 1.72 2.3 -99
3001 1992 174 23200 23.4 39.8 1.68 2.3 -99
3001 1992 175 23100 24.6 44.1 1.45 2.3 -99
3001 1992 176 23600 26.1 41.5 1.42 2.3 -99
3001 1992 177 21500 24.2 42.9 1.39 2.3 -99
3001 1992 178 22300 24.6 40.5 1.44 2.3 -99
3001 1992 179 25000 23.3 39.6 1.48 2.3 -99
3001 1992 180 21500 26.5 39.3 2.03 2.3 -99
3001 1992 181 23800 25.2 39.8 2.8 2.3 -99
3001 1992 182 24800 23.5 39.4 2.04 2.3 -99
3001 1992 183 22300 23.6 37.1 1.62 2.3 -99
3001 1992 184 23300 24.4 36.6 2.03 2.3 -99
3001 1992 185 23400 23.5 39.1 2.01 2.3 -99
3001 1992 186 24600 22.4 39.3 1.91 2.3 -99
3001 1992 187 24900 22.8 38.6 1.99 2.3 -99
3001 1992 188 19600 24.0 35.0 2.3 2.3 -99
3001 1992 189 22800 23.3 36.4 2.15 2.3 -99
3001 1992 190 22100 23.9 34.7 2.34 2.3 -99
3001 1992 191 24500 23.6 36.8 2.52 2.3 -99
3001 1992 192 17900 24.2 35.5 2.49 2.3 -99
3001 1992 193 23000 25.8 37.5 2.33 2.3 -99
3001 1992 194 23000 25.1 36.0 2.31 2.3 -99
3001 1992 195 24500 23.3 38.2 2.11 2.3 -99
3001 1992 196 23100 23.3 36.4 2.19 2.3 -99
3001 1992 197 23800 23.3 35.0 2.43 2.3 -99
3001 1992 198 19700 22.5 34.4 2.66 2.3 -99
3001 1992 199 23700 23.1 34.3 2.66 2.3 -99
3001 1992 200 24800 23.3 36.5 2.37 2.3 -99
3001 1992 201 24100 24.2 34.5 2.66 2.3 -99
3001 1992 202 24100 23.1 33.3 2.44 2.3 -99
3001 1992 203 24300 23.2 34.9 2.52 2.3 -99
3001 1992 204 22300 23.9 36.0 2.97 2.3 -99
3001 1992 205 20600 24.6 34.0 3.04 2.3 -99
3001 1992 206 22400 24.4 34.2 2.85 2.3 -99
3001 1992 207 21300 25.3 35.8 2.9 2.3 -99
3001 1992 208 21800 24.9 35.5 3.29 2.3 -99
3001 1992 209 22500 25.1 35.4 3.57 2.3 -99
3001 1992 210 23400 25.8 37.6 3.29 2.3 -99
3001 1992 211 24000 23.6 35.7 2.66 2.3 -99
3001 1992 212 24700 23.9 36.0 2.66 2.3 -99
3001 1992 213 24800 24.0 34.7 2.47 2.3 -99
3001 1992 214 23400 24.5 35.4 2.78 2.3 -99
3001 1992 215 24300 23.8 36.9 2.85 2.3 -99
3001 1992 216 20800 23.7 34.6 2.9 2.3 -99
3001 1992 217 23500 25.6 37.0 3.15 2.3 -99
3001 1992 218 23800 25.9 39.9 2.46 2.3 -99
3001 1992 219 20200 26.9 34.9 2.6 2.3 -99
3001 1992 220 22900 26.5 36.9 3.35 2.3 -99
3001 1992 221 25100 25.9 37.2 3.61 2.3 -99
3001 1992 222 23100 26.8 36.6 3.68 2.3 -99
3001 1992 223 24100 25.7 34.9 3.47 2.3 -99
3001 1992 224 24000 24.0 35.6 2.71 2.3 -99
3001 1992 225 23900 23.7 35.0 2.88 2.3 -99
3001 1992 226 24100 24.1 37.2 2.97 2.3 -99
3001 1992 227 22900 25.1 37.6 2.8 2.3 -99
3001 1992 228 21300 25.4 35.2 2.95 2.3 -99
3001 1992 229 23800 25.8 35.9 3.43 2.3 -99
3001 1992 230 24300 23.7 37.2 3.01 2.3 -99
3001 1992 231 23800 23.0 38.0 2.66 2.3 -99
3001 1992 232 24100 25.7 36.0 3.01 2.3 -99
3001 1992 233 23800 25.0 36.6 3.49 2.3 -99
3001 1992 234 23700 25.8 38.3 2.83 2.3 -99
3001 1992 235 23300 25.0 38.0 2.27 2.3 -99
3001 1992 236 22700 26.1 36.1 2.73 2.3 -99
3001 1992 237 23100 24.6 35.8 2.4 2.3 -99
3001 1992 238 18000 25.3 32.2 3.43 2.3 -99
3001 1992 239 24100 24.8 35.9 3.64 2.3 -99
3001 1992 240 20400 26.5 37.2 3.66 2.3 -99
3001 1992 241 23600 25.4 36.8 3.59 2.3 -99
3001 1992 242 19500 25.2 36.6 3.27 2.3 -99
3001 1992 243 20100 24.3 35.2 3.49 2.3 -99
3001 1992 244 19500 24.3 31.4 3.64 2.3 -99
3001 1992 245 22900 24.4 34.0 3.59 2.3 -99
3001 1992 246 24800 24.2 34.6 3.43 2.3 -99
3001 1992 247 22000 25.8 36.4 3.02 2.3 -99
3001 1992 248 21900 26.9 38.9 2.85 2.3 -99
3001 1992 249 19800 25.7 32.3 3.47 2.3 -99
3001 1992 250 24700 25.7 35.9 3.57 2.3 -99
3001 1992 251 20900 26.6 36.3 2.93 2.3 -99
3001 1992 252 23300 26.0 34.9 2.97 2.3 -99
3001 1992 253 19800 22.7 32.3 3.55 2.3 -99
3001 1992 254 23900 24.5 33.0 3.47 2.3 -99
3001 1992 255 23400 23.0 33.1 2.97 2.3 -99
3001 1992 256 22700 24.3 34.5 2.3 2.3 -99
3001 1992 257 23500 25.1 34.7 2.99 2.3 -99
3001 1992 258 22600 24.5 35.2 2.75 2.3 -99
3001 1992 259 23300 24.4 35.4 1.85 2.3 -99
3001 1992 260 22300 24.1 36.5 1.47 2.3 -99
3001 1992 261 23400 23.8 36.1 2.33 2.3 -99
3001 1992 262 19300 24.2 31.2 3.45 2.3 -99
3001 1992 263 23100 24.5 35.6 3.08 2.3 -99
3001 1992 264 23300 25.8 34.8 2.7 2.3 -99
3001 1992 265 23100 25.2 34.9 2.75 2.3 -99
3001 1992 266 23200 21.5 37.1 2.54 2.3 -99
3001 1992 267 23000 25.7 37.1 2.2 2.3 -99
3001 1992 268 23400 25.5 37.2 2.57 2.3 -99
3001 1992 269 23000 25.6 38.2 2.11 2.3 -99
3001 1992 270 22000 24.9 39.6 1.61 2.3 -99
3001 1992 271 22700 23.6 39.5 1.52 2.3 -99
3001 1992 272 19300 27.1 40.0 1.55 2.3 -99
3001 1992 273 21400 24.4 40.8 1.62 2.3 -99
3001 1992 274 20700 25.8 39.4 1.53 2.3 -99
3001 1992 275 21200 24.9 39.9 1.77 2.3 -99
3001 1992 276 19300 25.3 37.1 2.3 2.3 -99
3001 1992 277 15700 25.0 35.9 2.27 2.3 -99
3001 1992 278 22600 23.7 37.2 1.8 2.3 -99
3001 1992 279 23300 24.4 37.2 1.67 2.3 -99
3001 1992 280 23200 23.0 38.0 1.4 2.3 -99
3001 1992 281 23200 23.0 38.0 1.56 2.3 -99
3001 1992 282 23200 23.0 38.0 1.67 2.3 -99
3001 1992 283 23200 23.0 38.0 1.72 2.3 -99
3001 1992 284 23200 23.0 38.0 1.55 2.3 -99
3001 1992 285 23200 23.0 38.0 1.66 2.3 -99
3001 1992 286 23200 23.0 38.0 1.59 2.3 -99
3001 1992 287 9800 23.0 38.0 1.47 2.3 -99
3001 1992 288 23000 21.5 40.9 1.55 2.3 -99
3001 1992 289 22900 22.1 41.5 1.47 2.3 -99
3001 1992 290 23000 20.9 41.0 1.61 2.3 -99
3001 1992 291 21900 22.7 40.7 1.85 2.3 -99
3001 1992 292 22200 23.1 40.7 1.88 2.3 -99
3001 1992 293 22400 24.9 39.8 1.71 2.3 -99
3001 1992 294 21400 23.4 40.6 1.45 2.3 -99
3001 1992 295 17700 23.2 40.5 1.28 2.3 -99
3001 1992 296 13200 27.3 38.9 1.28 2.3 -99
3001 1992 297 19300 25.7 34.2 1.61 2.3 -99
3001 1992 298 21300 19.6 32.6 1.28 2.3 -99
3001 1992 299 20000 16.4 34.9 1.26 2.3 -99
3001 1992 300 18000 19.3 36.0 1.31 2.3 -99
3001 1992 301 18900 23.0 37.0 1.21 2.3 -99
3001 1992 302 20300 20.7 38.5 1.28 2.3 -99
3001 1992 303 17900 21.3 37.5 1.38 2.3 -99
3001 1992 304 19200 18.8 36.7 1.54 2.3 -99
3001 1992 305 20900 18.7 36.9 1.53 2.3 -99
3001 1992 306 15600 18.1 36.2 1.51 2.3 -99
3001 1992 307 14500 21.4 36.4 1.67 2.3 -99
3001 1992 308 12200 22.7 35.3 1.48 2.3 -99
3001 1992 309 20200 17.9 36.9 1.24 2.3 -99
3001 1992 310 16700 20.4 33.3 1.01 2.3 -99
3001 1992 311 19700 18.1 33.5 0.99 2.3 -99
3001 1992 312 19900 18.7 32.5 1.2 2.3 -99
3001 1992 313 19800 19.3 32.4 1.07 2.3 -99
3001 1992 314 19800 15.7 34.4 1.13 2.3 -99
3001 1992 315 17900 17.0 34.4 1.54 2.3 -99
3001 1992 316 13500 20.0 33.1 2.27 2.3 -99
3001 1992 317 9800 22.1 33.3 1.75 2.3 -99
3001 1992 318 14400 22.0 36.4 1.24 2.3 -99
3001 1992 319 15200 23.5 34.7 1.29 2.3 -99
3001 1992 320 13200 20.5 33.8 1.2 2.3 -99
3001 1992 321 18000 20.8 34.1 1.1 2.3 -99
3001 1992 322 16100 20.9 34.4 1.24 2.3 -99
3001 1992 323 18100 17.8 35.4 1.24 2.3 -99
3001 1992 324 15700 19.4 30.6 0.89 2.3 -99
3001 1992 325 19900 15.5 29.4 0.95 2.3 -99
3001 1992 326 19500 12.3 33.1 0.98 2.3 -99
3001 1992 327 14100 17.3 33.8 1.03 2.3 -99
3001 1992 328 14800 18.7 33.7 0.97 2.3 -99
3001 1992 329 17600 18.1 33.4 0.92 2.3 -99
3001 1992 330 17500 17.3 33.0 0.99 2.3 -99
3001 1992 331 18000 17.0 33.4 1.16 2.3 -99
3001 1992 332 17400 17.6 33.0 1.07 2.3 -99
3001 1992 333 12100 18.1 30.5 1 2.3 -99
3001 1992 334 11500 18.6 30.2 1.13 2.3 -99
3001 1992 335 17700 17.1 31.1 1.1 2.3 -99
3001 1992 336 15800 16.9 32.8 1.04 2.3 -99
3001 1992 337 15700 18.9 33.6 0.95 2.3 -99
3001 1992 338 14000 17.4 32.9 0.95 2.3 -99
3001 1992 339 13900 16.2 32.8 0.97 2.3 -99
3001 1992 340 13900 16.3 34.3 0.98 2.3 -99
3001 1992 341 14200 15.3 33.4 0.97 2.3 -99
3001 1992 342 14000 17.0 34.4 0.94 2.3 -99
3001 1992 343 12100 16.7 34.0 0.91 2.3 -99
3001 1992 344 15600 15.4 33.2 1 2.3 -99
3001 1992 345 14800 18.6 33.7 1.13 2.3 -99
3001 1992 346 14100 17.4 33.9 1.19 2.3 -99
3001 1992 347 14400 21.1 33.2 1.33 2.3 -99
3001 1992 348 16300 18.8 34.7 1.57 2.3 -99
3001 1992 349 10700 20.5 35.5 1.3 2.3 -99
3001 1992 350 14100 21.0 36.2 1.39 2.3 -99
3001 1992 351 13900 18.8 35.8 1.2 2.3 -99
3001 1992 352 13700 18.6 36.2 1.24 2.3 -99
3001 1992 353 13600 18.6 35.8 1.24 2.3 -99
3001 1992 354 15300 18.0 36.6 1.16 2.3 -99
3001 1992 355 14000 17.4 36.2 1.11 2.3 -99
3001 1992 356 13500 18.7 35.2 1.24 2.3 -99
3001 1992 357 13700 17.0 34.6 1.13 2.3 -99
3001 1992 358 15900 15.8 33.5 1.02 2.3 -99
3001 1992 359 17000 15.9 32.9 1.2 2.3 -99
3001 1992 360 19000 15.8 32.1 1.21 2.3 -99
3001 1992 361 16300 18.4 34.6 1.14 2.3 -99
3001 1992 362 14800 18.3 34.8 1.13 2.3 -99
3001 1992 363 11800 18.7 33.7 1.24 2.3 -99
3001 1992 364 11300 19.7 33.0 1.26 2.3 -99
3001 1992 365 15200 19.0 31.6 1.46 2.3 -99
3001 1992 366 13200 17.5 32.2 1.44 2.3 -99
