*---------------------------------------------------------*
*   Country: Senegal
*   Station: SEN_HUB_fanaye
*   Station #: 3001
*   Year: 2013
*   Source: AfricaRice; historical observed data (1991-1999,2006-2011, 2013,2014)
*   Author: Pepijn van Oort (AfricaRice). Original Script by Justin van Wart (University Nebraska)
*   Longitude: -14.80 (decimal degrees East)
*   Latitude: 16.53 (decimal degrees North)
*   Elevation: 11 m.
*
*  Columns:
*  ========
*  1 station number
*  2 year
*  3 day
*  4 irradiation (kJ m-2 d-1)
*  5 minimum temperature (degrees Celsius)
*  6 maximum temperature (degrees Celsius)
*  7 actual vapour pressure (kPa)   
*  8 mean wind speed (m s-1)
*  9 precipitation (mm d-1)
*
** WCCDESCRIPTION=Senegal, SEN_HUB_fanaye
** WCCFORMAT=2
** WCCYEARNR= 2013
*
* COMMENT - START
*   Filename: SEN3001.013
*   Source file: SEN_HUBHIST_Fanaye.xlsx; sheet: GYGAReady_public_propagation
*   Source file contains station data (black) and propagated data (red).
*   When station data are available these are filled in in the current file.
*   When station data are not available the method uses NASA data from the POWER database.
*   Tmin, Tmax and Tdew from the POWER database are corrected for bias based on empirical regression between POWER data and available station data.
* COMMENT - END
*---------------------------------------------------------*
-14.80  16.53  11  0  0
3001 2013 001 15800 13.4 31.0 0.81 2.3 0
3001 2013 002 17300 13.2 30.1 0.74 2.3 0
3001 2013 003 13800 13.9 32.3 0.63 2.3 0
3001 2013 004 12500 16.3 30.6 0.61 2.3 0
3001 2013 005 15800 13.9 28.8 0.7 2.3 0
3001 2013 006 16300 12.4 28.7 0.87 2.3 0
3001 2013 007 19200 11.3 30.3 0.76 2.3 0
3001 2013 008 19000 11.8 31.0 0.79 2.3 0
3001 2013 009 18400 12.3 32.4 0.84 2.3 0
3001 2013 010 18600 14.0 33.6 0.8 2.3 0
3001 2013 011 18400 15.9 34.4 0.74 2.3 0
3001 2013 012 18800 16.2 35.4 0.68 2.3 0
3001 2013 013 19000 15.9 35.4 0.74 2.3 0
3001 2013 014 19400 15.1 34.4 0.63 2.3 0
3001 2013 015 19600 12.9 34.0 0.5 2.3 0
3001 2013 016 18700 13.7 32.3 0.52 2.3 0
3001 2013 017 17500 12.4 31.0 0.51 2.3 0
3001 2013 018 19600 12.3 30.7 0.44 2.3 0
3001 2013 019 18300 10.3 32.3 0.66 2.3 0
3001 2013 020 18900 11.6 32.8 1.19 2.3 0
3001 2013 021 18000 12.7 32.9 1.16 2.3 0
3001 2013 022 10700 16.5 32.6 1.13 2.3 0
3001 2013 023 12600 17.3 32.1 1.12 2.3 0
3001 2013 024 18600 14.8 32.2 1.16 2.3 0
3001 2013 025 9300 16.5 31.0 0.92 2.3 0
3001 2013 026 12500 16.1 32.0 0.71 2.3 0
3001 2013 027 20900 12.0 32.3 0.74 2.3 0
3001 2013 028 20900 12.7 32.5 0.95 2.3 0
3001 2013 029 20500 14.7 33.2 1.04 2.3 0
3001 2013 030 20800 14.4 33.6 0.81 2.3 0
3001 2013 031 19400 16.3 35.1 1 2.3 0
3001 2013 032 19400 19.1 35.7 0.86 2.3 0
3001 2013 033 19900 18.3 34.5 0.89 2.3 0
3001 2013 034 16800 17.3 34.1 0.76 2.3 0
3001 2013 035 20200 17.0 34.6 0.67 2.3 0
3001 2013 036 19700 17.8 35.1 0.67 2.3 0
3001 2013 037 20100 19.9 33.6 0.94 2.2 0
3001 2013 038 21300 13.1 34.6 0.76 1.3 0
3001 2013 039 21500 18.0 36.9 0.66 1.9 0
3001 2013 040 16700 15.3 35.4 0.87 1.1 0
3001 2013 041 19600 17.2 34.9 1.4 1.1 0
3001 2013 042 16900 17.3 36.2 1.4 1.4 0
3001 2013 043 20200 18.2 35.4 0.81 1.8 0
3001 2013 044 21300 14.7 37.1 0.87 1.4 0
3001 2013 045 21700 13.2 37.3 0.76 1.1 0
3001 2013 046 22000 14.8 35.6 0.81 0.9 0
3001 2013 047 21400 14.7 34.8 1.31 1.0 0
3001 2013 048 22800 11.8 35.2 0.94 1.7 0
3001 2013 049 23600 13.6 36.1 0.76 1.0 0
3001 2013 050 25000 11.9 33.1 0.87 1.4 0
3001 2013 051 24500 13.1 32.3 1.31 1.9 0
3001 2013 052 24800 11.1 33.3 0.81 1.8 0
3001 2013 053 24300 14.6 34.9 0.87 1.6 0
3001 2013 054 23600 12.0 36.0 0.76 1.3 0
3001 2013 055 24200 13.4 36.0 0.66 1.3 0
3001 2013 056 23400 13.4 36.7 1 1.0 0
3001 2013 057 24700 13.5 36.5 1.07 1.2 0
3001 2013 058 23700 16.3 33.7 1.6 1.6 0
3001 2013 059 24400 15.5 34.7 1.6 1.6 0
3001 2013 060 20700 16.6 35.6 1.4 1.3 0
3001 2013 061 22800 17.9 37.2 1.4 1.4 0
3001 2013 062 23200 16.8 37.4 1.6 1.2 0
3001 2013 063 24300 16.5 33.8 1.71 1.7 0
3001 2013 064 24600 17.6 32.6 1.82 1.5 0
3001 2013 065 24600 17.2 34.8 1.82 1.5 0
3001 2013 066 24100 16.6 39.5 1.6 1.1 0
3001 2013 067 24600 16.7 41.4 1.4 1.1 0
3001 2013 068 24900 17.3 42.1 1.4 1.0 0
3001 2013 069 25100 16.5 41.6 1.6 1.2 0
3001 2013 070 25100 17.3 41.8 1.4 1.6 0
3001 2013 071 24900 18.0 40.9 1.15 1.6 0
3001 2013 072 25100 17.0 41.6 1.31 1.1 0
3001 2013 073 25300 16.2 40.9 1.15 0.9 0
3001 2013 074 24700 15.8 40.9 1.15 1.3 0
3001 2013 075 24600 18.3 39.3 1.6 1.3 0
3001 2013 076 25300 17.5 37.5 1.5 1.7 0
3001 2013 077 24900 18.5 37.2 1.82 1.7 0
3001 2013 078 24800 18.0 35.5 1.82 1.6 0
3001 2013 079 24700 18.8 40.4 1.82 1.5 0
3001 2013 080 24000 22.0 42.4 1.71 1.3 0
3001 2013 081 21200 24.4 40.9 1.6 1.6 0
3001 2013 082 19000 22.9 36.9 1.71 1.4 0
3001 2013 083 22100 21.6 39.8 1.5 1.7 0
3001 2013 084 25200 23.5 39.0 0.94 2.0 0
3001 2013 085 25100 19.1 38.5 1 1.5 0
3001 2013 086 25800 18.0 37.2 1.71 1.6 0
3001 2013 087 25100 17.8 39.7 1.71 1.4 0
3001 2013 088 25500 17.2 40.8 1.23 1.5 0
3001 2013 089 26200 20.0 41.2 0.94 1.5 0
3001 2013 090 26700 14.9 41.5 1.15 1.6 0
3001 2013 091 26000 16.2 42.0 1.4 1.4 0
3001 2013 092 25800 18.9 41.8 1.94 1.9 0
3001 2013 093 25100 19.0 38.7 1.82 2.0 0
3001 2013 094 21500 19.8 34.0 1.6 2.2 0
3001 2013 095 24300 18.6 35.2 1.5 2.2 0
3001 2013 096 24200 18.5 38.3 1.23 1.9 0
3001 2013 097 24100 21.3 40.7 0.94 1.5 0
3001 2013 098 22800 20.5 33.6 1.5 2.0 0
3001 2013 099 24900 18.6 34.8 1.5 2.1 0
3001 2013 100 25100 17.7 38.7 1.5 1.4 0
3001 2013 101 24000 19.3 41.6 1.4 1.2 0
3001 2013 102 24400 19.4 42.6 1.31 1.4 0
3001 2013 103 25300 19.9 43.4 1.31 1.5 0
3001 2013 104 25600 20.7 43.3 1.71 1.2 0
3001 2013 105 25300 19.2 43.2 1.5 1.4 0
3001 2013 106 25300 20.1 43.5 1.31 1.5 0
3001 2013 107 25000 21.5 41.1 1.6 1.8 0
3001 2013 108 24000 18.6 38.0 1.82 2.1 0
3001 2013 109 25400 17.3 34.9 1.82 2.3 0
3001 2013 110 25000 17.8 35.7 1.82 2.1 0
3001 2013 111 24800 17.8 40.3 1.71 2.0 0
3001 2013 112 25400 18.5 42.4 1.82 1.7 0
3001 2013 113 25500 19.0 42.9 1.71 1.7 0
3001 2013 114 25100 19.3 40.5 1.82 2.3 0
3001 2013 115 25000 19.3 39.8 1.94 2.3 0
3001 2013 116 25200 19.4 43.6 2.07 1.7 0
3001 2013 117 25500 20.7 43.0 2.07 1.5 0
3001 2013 118 25300 19.7 42.3 1.4 1.6 0
3001 2013 119 25200 20.1 38.5 1.82 1.9 0
3001 2013 120 25700 18.9 35.9 1.71 1.8 0
3001 2013 121 25900 18.5 36.8 1.6 1.8 0
3001 2013 122 25500 17.4 38.4 1.31 1.7 0
3001 2013 123 25400 19.7 38.7 1.23 1.8 0
3001 2013 124 25700 17.9 39.2 1.23 1.7 0
3001 2013 125 26800 16.1 40.1 1.23 1.4 0
3001 2013 126 26100 16.3 43.0 1 1.2 0
3001 2013 127 25800 19.7 44.4 1.15 1.4 0
3001 2013 128 25300 20.7 44.6 1.4 1.6 0
3001 2013 129 25300 21.2 44.4 1.5 1.5 0
3001 2013 130 25500 21.8 44.4 1.5 1.7 0
3001 2013 131 25400 20.1 38.7 2.07 2.8 0
3001 2013 132 25300 19.6 39.8 2.07 2.8 0
3001 2013 133 25300 20.6 40.9 2.2 2.3 0
3001 2013 134 24200 20.8 44.8 1.94 2.0 0
3001 2013 135 24400 23.7 42.2 1.82 2.4 0
3001 2013 136 24400 20.1 38.1 1.71 2.0 0
3001 2013 137 19700 20.3 36.8 1.71 1.5 0
3001 2013 138 19400 22.5 39.7 1.6 1.6 0
3001 2013 139 15900 25.1 43.3 1.4 1.3 0
3001 2013 140 19600 26.7 41.2 1.71 1.1 0
3001 2013 141 20400 28.3 42.7 1.71 2.8 0
3001 2013 142 22300 29.4 43.7 1.82 2.8 0
3001 2013 143 21800 24.6 44.5 1.94 2.5 0
3001 2013 144 23000 31.2 45.0 1.6 1.8 0
3001 2013 145 22100 26.9 45.1 2.07 2.2 0
3001 2013 146 21900 29.6 45.2 1.5 2.3 0
3001 2013 147 22800 26.4 43.8 1.6 2.4 0
3001 2013 148 21300 24.8 44.4 1.6 2.4 0
3001 2013 149 21000 29.3 43.9 1.31 2.7 0
3001 2013 150 22700 23.7 45.6 1.94 2.7 0
3001 2013 151 20900 32.7 43.7 1.82 4.3 0
3001 2013 152 22100 27.5 38.7 2.49 3.2 0
3001 2013 153 22700 23.9 37.1 2.07 3.1 0
3001 2013 154 24700 21.4 40.7 2.07 2.7 0
3001 2013 155 24400 22.0 43.9 1.94 2.9 0
3001 2013 156 22700 21.7 40.0 2.07 2.8 0
3001 2013 157 23700 21.4 42.3 2.07 1.9 0
3001 2013 158 23100 22.6 45.5 1.94 2.6 0
3001 2013 159 21100 26.0 38.1 2.07 3.2 0
3001 2013 160 18600 26.5 38.9 2.2 2.5 0
3001 2013 161 24300 22.8 45.1 2.2 2.0 0
3001 2013 162 21700 26.3 38.9 2.07 2.8 0
3001 2013 163 22100 25.9 41.1 2.07 2.6 0
3001 2013 164 23800 23.4 44.3 2.34 2.7 0
3001 2013 165 23100 24.3 41.7 2.07 2.5 0
3001 2013 166 23000 24.5 38.6 2.65 2.9 0
3001 2013 167 23900 24.0 36.2 2.49 3.8 0
3001 2013 168 21800 24.1 37.4 2.49 2.7 0
3001 2013 169 22500 24.1 39.3 2.49 3.0 0
3001 2013 170 24300 24.0 40.7 2.65 3.1 0
3001 2013 171 25400 23.2 43.7 2.65 2.0 7
3001 2013 172 25200 23.4 41.4 2.2 2.5 0
3001 2013 173 24900 22.7 41.3 2.34 2.4 0
3001 2013 174 25200 23.7 39.1 2.49 2.5 0
3001 2013 175 26000 23.3 43.4 2.49 2.6 0
3001 2013 176 24700 24.1 41.2 2.49 3.4 0
3001 2013 177 25700 23.3 39.6 2.49 2.7 0
3001 2013 178 25100 23.5 36.4 2.34 2.8 0
3001 2013 179 23100 20.3 34.2 2.07 2.2 0
3001 2013 180 24300 22.6 38.7 2.07 1.6 0
3001 2013 181 24900 23.1 39.9 2.34 2.3 0
3001 2013 182 23400 24.8 39.0 2.49 3.6 0
3001 2013 183 20900 24.7 39.4 2.65 2.5 1
3001 2013 184 19300 25.8 37.8 2.49 1.9 0
3001 2013 185 21900 25.7 38.6 2.65 3.0 0
3001 2013 186 21100 25.1 36.6 2.65 3.9 0
3001 2013 187 22300 25.2 36.8 2.65 3.5 0
3001 2013 188 24400 23.8 38.0 2.65 2.9 0
3001 2013 189 21600 24.2 37.4 2.65 2.3 0
3001 2013 190 23900 23.6 37.2 2.49 2.1 0
3001 2013 191 24400 23.8 36.9 2.34 3.1 0
3001 2013 192 25200 22.8 35.6 2.34 2.9 0
3001 2013 193 24900 23.1 37.6 2.34 1.7 0
3001 2013 194 24800 24.9 39.9 2.65 1.8 0
3001 2013 195 22000 27.5 42.0 2.81 2.0 1
3001 2013 196 21100 25.3 41.0 2.65 2.3 0
3001 2013 197 24800 26.2 39.6 2.81 2.4 0
3001 2013 198 11000 22.6 33.2 2.65 2.0 3
3001 2013 199 25300 24.6 37.5 2.81 2.7 0
3001 2013 200 22300 24.6 36.3 2.65 2.6 0
3001 2013 201 25800 26.1 37.9 2.65 2.3 0
3001 2013 202 8300 22.0 30.4 2.65 1.8 41
3001 2013 203 25900 24.6 37.7 2.99 1.1 0
3001 2013 204 25000 26.8 36.2 2.99 2.5 0
3001 2013 205 25700 25.8 38.1 2.99 3.1 0
3001 2013 206 22200 25.4 33.9 2.65 3.6 0
3001 2013 207 26300 25.4 36.4 2.65 2.3 0
3001 2013 208 25900 26.2 37.0 2.99 2.4 0
3001 2013 209 23900 25.9 37.7 2.81 2.0 0
3001 2013 210 20400 25.9 35.4 2.65 3.5 0
3001 2013 211 16700 26.5 33.7 2.65 2.8 0
3001 2013 212 10100 25.1 33.3 2.81 1.5 0
3001 2013 213 24800 26.1 36.2 2.99 1.7 0
3001 2013 214 13500 24.1 31.5 2.65 1.4 0
3001 2013 215 23300 24.6 36.1 2.81 1.4 0
3001 2013 216 25100 25.9 36.3 2.99 2.3 0
3001 2013 217 24300 25.2 34.8 2.81 3.0 0
3001 2013 218 24700 24.9 36.3 2.65 1.5 0
3001 2013 219 19200 25.2 36.2 2.81 1.6 0
3001 2013 220 24700 26.0 37.5 2.99 2.7 0
3001 2013 221 23700 25.7 35.0 2.81 2.9 0
3001 2013 222 23400 26.2 36.0 2.65 1.6 7
3001 2013 223 16700 23.6 34.2 2.81 1.4 0
3001 2013 224 20500 24.2 33.5 2.81 1.2 0
3001 2013 225 22700 25.2 34.9 2.81 1.4 0
3001 2013 226 23100 27.1 33.9 3.17 2.2 0
3001 2013 227 22700 24.6 35.2 2.81 2.2 0
3001 2013 228 18700 25.0 34.3 2.65 2.1 0
3001 2013 229 24700 25.2 36.3 2.65 2.1 0
3001 2013 230 22800 24.9 36.3 2.81 1.8 0
3001 2013 231 14600 24.1 33.6 2.81 1.6 3
3001 2013 232 14100 24.9 31.0 2.99 2.0 0
3001 2013 233 20800 23.9 35.0 2.81 1.7 0
3001 2013 234 24700 25.4 37.6 2.99 1.6 0
3001 2013 235 25400 24.2 36.6 2.81 1.6 0
3001 2013 236 16300 23.8 34.8 2.81 1.6 20
3001 2013 237 23400 26.9 35.8 3.17 2.9 0
3001 2013 238 23900 25.7 37.4 2.99 1.3 0
3001 2013 239 16600 28.3 36.9 2.99 1.6 0
3001 2013 240 26200 26.6 41.8 3.17 2.4 0
3001 2013 241 22600 26.3 39.3 3.17 1.9 26
3001 2013 242 20100 24.0 34.5 2.99 1.8 0
3001 2013 243 25900 24.5 32.1 2.65 2.2 0
3001 2013 244 23500 24.1 34.3 2.65 2.1 0
3001 2013 245 19800 26.5 35.4 2.99 2.2 0
3001 2013 246 23500 24.9 37.2 2.99 1.3 2
3001 2013 247 24000 26.3 35.3 3.17 1.5 19
3001 2013 248 17600 23.4 31.3 2.81 1.4 0
3001 2013 249 21400 25.2 34.6 2.81 1.0 13
3001 2013 250 21500 22.1 33.4 2.49 1.8 0
3001 2013 251 21100 24.5 33.6 2.99 1.3 14
3001 2013 252 24100 24.8 34.2 2.99 0.9 0
3001 2013 253 9200 20.5 30.7 2.34 0.9 38
3001 2013 254 22800 25.2 36.7 2.99 1.3 0
3001 2013 255 21300 26.5 36.0 3.37 2.2 0
3001 2013 256 23300 24.2 36.3 2.81 1.4 0
3001 2013 257 25500 25.1 34.5 2.99 1.2 3
3001 2013 258 15900 24.7 32.3 2.99 1.5 0
3001 2013 259 19800 24.9 32.8 2.99 1.6 0
3001 2013 260 22800 26.4 35.9 2.99 1.6 0
3001 2013 261 21000 25.2 36.8 2.99 0.7 0
3001 2013 262 22200 26.9 39.3 3.17 1.1 1
3001 2013 263 8100 23.5 29.6 2.65 1.8 0
3001 2013 264 22800 24.8 38.4 2.99 0.9 0
3001 2013 265 23500 25.6 40.8 2.99 2.4 0
3001 2013 266 23400 26.8 39.3 3.17 1.1 0
3001 2013 267 23200 26.7 41.0 3.17 1.9 0
3001 2013 268 21900 23.8 40.0 2.65 1.4 0
3001 2013 269 21800 27.7 39.5 3.17 1.4 0
3001 2013 270 18500 24.5 36.6 2.81 1.0 0
3001 2013 271 18900 21.3 37.2 2.49 1.4 10
3001 2013 272 21700 25.1 40.3 2.65 1.6 0
3001 2013 273 23400 26.0 40.7 3.17 1.3 0
3001 2013 274 23800 26.7 39.5 3.17 2.4 0
3001 2013 275 24600 25.8 41.2 3.17 1.9 0
3001 2013 276 24400 25.5 38.5 2.34 1.8 0
3001 2013 277 22400 24.3 38.6 2.49 1.4 0
3001 2013 278 23500 22.7 38.6 2.34 1.1 0
3001 2013 279 21200 25.7 39.7 2.99 1.8 0
3001 2013 280 17400 27.1 36.0 2.81 1.8 0
3001 2013 281 22200 25.5 37.1 2.99 1.9 0
3001 2013 282 24000 24.6 40.4 2.99 1.6 0
3001 2013 283 23500 22.2 39.3 2.49 1.7 0
3001 2013 284 22000 22.3 38.8 2.49 1.5 0
3001 2013 285 19400 26.2 36.7 2.65 1.3 0
3001 2013 286 22200 26.1 39.6 2.65 1.3 0
3001 2013 287 20500 25.8 40.6 2.99 1.8 0
3001 2013 288 17200 24.8 37.3 2.99 1.1 0
3001 2013 289 22700 24.2 40.2 2.99 1.7 0
3001 2013 290 19500 26.3 38.2 3.37 1.7 1
3001 2013 291 14100 24.0 35.8 2.49 1.6 3
3001 2013 292 18500 25.9 40.6 2.49 1.3 0
3001 2013 293 21500 22.3 35.7 0.87 1.4 0
3001 2013 294 21700 23.1 38.0 1 2.2 0
3001 2013 295 20600 23.6 35.6 0.87 1.7 0
3001 2013 296 20600 23.5 37.2 1.23 1.3 0
3001 2013 297 21600 22.1 39.8 1.15 1.4 0
3001 2013 298 22700 18.6 39.5 1.94 1.3 0
3001 2013 299 16700 19.1 38.1 1.82 0.9 0
3001 2013 300 10100 14.0 36.6 1.5 1.1 0
3001 2013 301 17300 17.8 36.1 1.5 1.5 0
3001 2013 302 16000 21.5 36.6 2.2 0.9 0
3001 2013 303 18800 24.2 34.2 1.71 1.1 0
3001 2013 304 14900 22.1 36.0 2.2 0.9 0
3001 2013 305 11000 23.5 31.9 2.2 1.6 0
3001 2013 306 14000 22.6 31.4 2.2 2.0 0
3001 2013 307 14600 23.6 32.5 2.07 2.5 0
3001 2013 308 19300 18.5 38.8 1.82 0.9 0
3001 2013 309 22400 17.8 37.7 1.5 1.7 0
3001 2013 310 20500 16.9 37.4 1.15 1.4 0
3001 2013 311 21500 17.3 37.5 1.23 1.2 0
3001 2013 312 16400 15.8 38.3 1.23 1.2 0
3001 2013 313 20800 17.8 38.2 1.23 1.4 0
3001 2013 314 18800 17.5 38.3 1.4 1.2 0
3001 2013 315 20200 17.0 37.4 1.23 1.2 0
3001 2013 316 21000 19.2 37.6 1.31 1.1 0
3001 2013 317 20700 15.2 38.0 1.4 0.7 0
3001 2013 318 19200 15.7 38.3 1.31 0.8 0
3001 2013 319 19000 16.4 37.8 1.31 0.9 0
3001 2013 320 10000 17.4 33.7 1.5 0.7 0
3001 2013 321 7600 22.6 31.5 1.71 0.9 0
3001 2013 322 8700 21.2 31.0 1.82 0.8 0
3001 2013 323 15800 16.4 33.2 1.31 1.4 0
3001 2013 324 16300 20.7 32.2 0.94 1.9 0
3001 2013 325 8000 21.8 27.8 1.4 1.0 3
3001 2013 326 18400 20.7 33.0 1.4 1.1 0
3001 2013 327 18000 19.5 34.4 1.4 0.8 0
3001 2013 328 20100 17.2 35.2 1.5 0.8 0
3001 2013 329 20800 14.4 33.7 1.31 0.8 0
3001 2013 330 19100 14.9 33.8 1.6 0.8 0
3001 2013 331 19500 14.4 34.4 1.5 1.0 0
3001 2013 332 18600 18.5 35.4 1.82 0.9 0
3001 2013 333 18300 16.6 38.0 1.4 1.2 0
3001 2013 334 17100 19.7 36.7 1.6 1.5 0
3001 2013 335 16400 17.5 38.5 1.4 0.8 0
3001 2013 336 16900 17.2 39.1 1.4 0.7 0
3001 2013 337 15400 18.2 38.0 1.6 0.5 0
3001 2013 338 17300 17.6 38.3 1.71 1.0 0
3001 2013 339 15100 18.8 36.7 1.5 1.1 0
3001 2013 340 10800 18.2 36.3 1.71 1.4 0
3001 2013 341 18000 17.0 35.5 1.5 1.5 0
3001 2013 342 16100 15.9 34.9 1.4 1.1 0
3001 2013 343 19000 14.7 34.0 1.31 1.5 0
3001 2013 344 18100 16.3 31.8 1.15 1.7 0
3001 2013 345 15700 16.3 29.5 1 1.3 0
3001 2013 346 18000 12.8 33.0 1.07 1.0 0
3001 2013 347 19400 13.8 30.1 1.31 1.2 0
3001 2013 348 18700 13.6 29.9 1.5 1.0 0
3001 2013 349 15200 16.7 28.1 1.5 0.9 0
3001 2013 350 16300 14.9 28.5 1.5 1.2 0
3001 2013 351 11600 17.2 30.2 1.23 1.8 3
3001 2013 352 8900 17.0 25.9 1.6 2.2 2
3001 2013 353 13200 19.8 29.1 0.87 2.5 0
3001 2013 354 17900 18.6 28.8 1 2.7 0
3001 2013 355 20300 15.9 30.5 1 2.2 0
3001 2013 356 19500 11.8 29.9 0.94 2.6 0
3001 2013 357 19700 13.5 27.5 0.94 2.4 0
3001 2013 358 17100 12.4 27.2 0.94 1.7 0
3001 2013 359 11800 13.3 26.9 0.81 1.7 0
3001 2013 360 4200 18.7 24.2 0.87 1.6 0
3001 2013 361 18100 12.4 31.1 0.94 1.0 0
3001 2013 362 19000 10.8 32.3 1 1.1 0
3001 2013 363 19500 11.9 32.1 1.07 1.2 0
3001 2013 364 20200 11.9 28.5 1.07 1.2 0
3001 2013 365 20700 12.3 32.2 1.4 1.2 0
