*---------------------------------------------------------*
*   Country: Senegal
*   Station: SEN_HUB_fanaye
*   Station #: 3001
*   Year: 2007
*   Source: AfricaRice; historical observed data (1991-1999,2006-2011, 2013,2014)
*   Author: Pepijn van Oort (AfricaRice). Original Script by Justin van Wart (University Nebraska)
*   Longitude: -14.80 (decimal degrees East)
*   Latitude: 16.53 (decimal degrees North)
*   Elevation: 11 m.
*
*  Columns:
*  ========
*  1 station number
*  2 year
*  3 day
*  4 irradiation (kJ m-2 d-1)
*  5 minimum temperature (degrees Celsius)
*  6 maximum temperature (degrees Celsius)
*  7 actual vapour pressure (kPa)   
*  8 mean wind speed (m s-1)
*  9 precipitation (mm d-1)
*
** WCCDESCRIPTION=Senegal, SEN_HUB_fanaye
** WCCFORMAT=2
** WCCYEARNR= 2007
*
* COMMENT - START
*   Filename: SEN3001.007
*   Source file: SEN_HUBHIST_Fanaye.xlsx; sheet: GYGAReady_public_propagation
*   Source file contains station data (black) and propagated data (red).
*   When station data are available these are filled in in the current file.
*   When station data are not available the method uses NASA data from the POWER database.
*   Tmin, Tmax and Tdew from the POWER database are corrected for bias based on empirical regression between POWER data and available station data.
* COMMENT - END
*---------------------------------------------------------*
-14.80  16.53  11  0  0
3001 2007 001 13800 13.3 29.9 0.89 7.2 0
3001 2007 002 13800 8.2 32.3 0.71 6.7 0
3001 2007 003 15400 8.2 32.8 0.64 6.5 0
3001 2007 004 15300 8.2 33.6 0.73 6.4 0
3001 2007 005 15500 12.2 30.7 0.74 6.5 0
3001 2007 006 15400 16.0 31.5 0.7 6.5 0
3001 2007 007 13600 9.4 28.7 0.72 5.2 0
3001 2007 008 14700 8.2 28.3 0.65 4.5 0
3001 2007 009 14600 8.2 29.5 0.67 3.2 0
3001 2007 010 15200 14.5 33.6 0.75 2.9 0
3001 2007 011 14800 21.0 27.9 0.89 6.2 0
3001 2007 012 13900 18.7 31.1 0.74 6.6 0
3001 2007 013 15000 17.5 29.5 0.59 5.7 0
3001 2007 014 15000 19.0 31.1 0.66 6.0 0
3001 2007 015 15400 18.7 29.5 0.79 4.8 0
3001 2007 016 15300 14.1 28.7 0.88 4.5 0
3001 2007 017 15000 12.9 25.2 0.97 5.2 0
3001 2007 018 13500 15.6 25.2 0.95 5.1 0
3001 2007 019 11500 11.4 27.9 0.77 5.0 0
3001 2007 020 16700 9.4 30.7 0.72 4.3 0
3001 2007 021 13700 16.4 29.9 0.87 3.3 0
3001 2007 022 16200 14.5 34.0 0.78 2.3 0
3001 2007 023 15800 16.4 33.6 0.87 1.7 0
3001 2007 024 16100 20.2 31.1 1.04 2.0 0
3001 2007 025 18100 17.5 32.3 1.3 3.2 0
3001 2007 026 17000 16.0 32.8 1.13 2.6 0
3001 2007 027 19700 13.7 32.3 1.77 2.5 0
3001 2007 028 19500 12.6 29.9 2.09 3.0 0
3001 2007 029 20100 11.4 29.5 1.81 3.8 0
3001 2007 030 20600 11.0 30.3 1.42 4.5 0
3001 2007 031 18100 12.9 30.3 1.29 5.3 0
3001 2007 032 17800 9.0 33.6 1.17 3.2 0
3001 2007 033 18200 11.0 30.7 1.28 3.2 0
3001 2007 034 18400 15.6 33.2 1.29 4.2 0
3001 2007 035 19100 14.9 34.9 1.29 4.7 0
3001 2007 036 20200 12.9 31.9 1.25 5.6 0
3001 2007 037 18500 16.0 36.6 1.53 5.5 0
3001 2007 038 13800 16.8 36.6 1.36 5.8 0
3001 2007 039 18900 18.3 36.6 1.2 5.0 0
3001 2007 040 18800 20.6 29.1 1.13 5.8 0
3001 2007 041 18500 17.9 30.7 1.17 5.5 0
3001 2007 042 20200 15.2 27.9 1.07 5.6 0
3001 2007 043 19200 15.2 29.5 0.73 6.0 0
3001 2007 044 19200 16.4 31.5 0.68 5.2 0
3001 2007 045 17100 16.0 29.9 0.6 4.8 0
3001 2007 046 18600 11.4 31.5 0.62 4.1 0
3001 2007 047 19900 13.3 31.5 0.57 3.2 0
3001 2007 048 19000 12.2 31.5 0.54 3.8 0
3001 2007 049 19500 10.2 33.2 0.65 3.6 0
3001 2007 050 18600 11.8 34.4 0.76 5.0 0
3001 2007 051 20800 10.6 34.4 0.79 5.0 0
3001 2007 052 21100 11.4 34.9 0.91 6.0 0
3001 2007 053 21100 14.1 34.9 0.81 6.2 0
3001 2007 054 21100 14.1 35.7 0.82 5.7 0
3001 2007 055 19500 10.2 36.1 0.75 5.1 0
3001 2007 056 21300 7.8 36.6 0.85 4.6 0
3001 2007 057 21300 8.6 37.0 0.82 5.6 0
3001 2007 058 21600 9.4 37.4 0.72 6.5 0
3001 2007 059 21500 16.0 36.1 0.68 6.3 0
3001 2007 060 23500 14.9 31.5 0.75 5.5 0
3001 2007 061 23500 13.7 34.0 0.69 5.1 0
3001 2007 062 24200 13.3 37.4 0.76 4.8 0
3001 2007 063 24000 14.5 38.3 0.74 4.0 0
3001 2007 064 23900 17.1 37.4 0.65 5.6 0
3001 2007 065 22300 15.6 38.8 0.65 5.6 0
3001 2007 066 23900 15.2 37.4 0.52 5.9 0
3001 2007 067 23700 21.0 33.6 0.56 5.9 0
3001 2007 068 22300 18.3 35.3 0.74 3.9 0
3001 2007 069 21900 13.7 39.2 0.78 4.7 0
3001 2007 070 22300 14.9 40.6 0.77 5.2 0
3001 2007 071 22500 17.1 42.0 0.84 4.4 0
3001 2007 072 24000 15.6 42.0 0.7 2.9 0
3001 2007 073 23800 15.2 42.9 0.7 2.8 0
3001 2007 074 25900 15.2 43.4 1.13 4.5 0
3001 2007 075 23700 17.9 43.9 1.24 4.0 0
3001 2007 076 23900 17.9 42.5 0.79 3.4 0
3001 2007 077 22900 19.0 39.2 0.65 3.7 0
3001 2007 078 23300 18.3 39.2 1.03 4.3 0
3001 2007 079 20900 18.3 37.0 1.61 4.9 0
3001 2007 080 16300 17.9 38.8 1.51 5.1 0
3001 2007 081 17100 17.5 40.6 1.53 3.8 0
3001 2007 082 23900 20.6 43.9 1.51 4.0 0
3001 2007 083 21100 23.2 43.9 1.55 4.1 0
3001 2007 084 21900 21.7 44.4 1.66 3.7 0
3001 2007 085 22000 19.0 43.9 1.57 5.3 0
3001 2007 086 21800 17.1 43.4 1.56 5.5 0
3001 2007 087 22300 19.8 43.9 1.54 5.1 0
3001 2007 088 22500 22.5 42.0 1.2 6.2 0
3001 2007 089 25000 20.6 40.6 1.01 5.0 0
3001 2007 090 23400 20.6 42.5 0.96 3.5 0
3001 2007 091 25100 17.5 43.9 1.07 2.8 0
3001 2007 092 25300 17.5 43.9 1.37 3.9 0
3001 2007 093 25200 22.1 44.9 1.53 4.6 0
3001 2007 094 24400 21.0 44.9 1.2 3.0 0
3001 2007 095 25800 23.6 44.4 1.11 3.0 0
3001 2007 096 26100 20.6 42.9 0.95 3.1 0
3001 2007 097 26600 19.4 43.4 1.03 2.3 0
3001 2007 098 25500 19.4 42.0 1.55 2.2 0
3001 2007 099 25900 19.8 41.5 1.59 2.8 0
3001 2007 100 19800 20.6 41.5 1.81 3.5 0
3001 2007 101 14000 21.3 43.4 1.59 5.2 0
3001 2007 102 22100 21.7 44.9 1.51 4.4 0
3001 2007 103 25200 21.0 42.9 1.71 3.6 0
3001 2007 104 25800 21.0 41.5 1.71 2.9 0
3001 2007 105 25400 21.3 42.9 1.53 2.6 0
3001 2007 106 24600 24.0 43.9 1.24 2.9 0
3001 2007 107 25700 24.0 43.4 1.32 3.4 0
3001 2007 108 26600 21.3 41.5 1.38 2.3 0
3001 2007 109 24900 20.6 40.6 1.33 2.8 0
3001 2007 110 28400 20.2 41.1 1.12 4.0 0
3001 2007 111 26600 20.6 39.7 1.13 2.5 0
3001 2007 112 27500 21.7 39.2 1.36 4.3 0
3001 2007 113 23500 21.7 37.9 1.28 4.0 0
3001 2007 114 26900 21.0 39.7 1.39 3.1 0
3001 2007 115 24500 22.5 39.2 1.45 2.1 0
3001 2007 116 25600 21.3 39.2 1.57 2.3 0
3001 2007 117 24100 19.8 40.6 1.78 2.0 0
3001 2007 118 24000 19.8 38.8 1.41 2.7 0
3001 2007 119 24400 17.1 34.4 1.18 3.2 0
3001 2007 120 24400 17.5 32.8 1.09 4.0 0
3001 2007 121 27400 17.9 32.8 1.07 3.8 0
3001 2007 122 27300 19.0 34.4 1.22 2.5 0
3001 2007 123 26400 19.8 36.6 1.29 3.3 0
3001 2007 124 26600 20.6 38.8 1.41 4.7 0
3001 2007 125 27100 22.5 41.5 1.35 2.7 0
3001 2007 126 27100 24.8 39.2 1.15 3.2 0
3001 2007 127 27500 22.1 42.0 0.89 3.5 0
3001 2007 128 25700 21.0 42.5 0.74 4.7 0
3001 2007 129 25000 19.8 41.5 0.98 5.2 0
3001 2007 130 26800 19.4 40.6 0.87 4.0 0
3001 2007 131 27800 20.6 41.1 0.89 3.5 0
3001 2007 132 28000 19.8 40.1 1.21 3.5 0
3001 2007 133 24900 20.2 42.0 1.45 2.2 0
3001 2007 134 24400 20.6 41.1 1.23 1.6 0
3001 2007 135 26500 18.7 37.9 0.97 3.5 0
3001 2007 136 25500 18.3 39.2 1.2 2.2 0
3001 2007 137 25300 20.6 42.5 1.36 3.3 0
3001 2007 138 24600 24.4 45.4 1.23 3.3 0
3001 2007 139 24700 29.5 45.9 1.25 2.4 0
3001 2007 140 21600 21.7 36.1 1.72 3.5 0
3001 2007 141 25100 20.2 33.2 1.83 3.9 0
3001 2007 142 26800 19.0 35.3 1.91 4.5 0
3001 2007 143 24500 18.7 38.3 1.57 4.0 0
3001 2007 144 24800 21.0 37.4 1.33 2.4 0
3001 2007 145 23800 21.0 40.1 1.65 5.0 0
3001 2007 146 24700 22.9 40.1 1.76 3.3 0
3001 2007 147 22500 24.0 40.1 1.65 3.0 0
3001 2007 148 26000 24.8 40.6 1.64 3.1 0
3001 2007 149 27000 27.5 42.0 1.63 4.3 0
3001 2007 150 27400 26.0 44.9 1.59 2.1 0
3001 2007 151 19800 26.7 44.4 1.51 2.3 0
3001 2007 152 23400 23.2 44.4 1.62 2.6 0
3001 2007 153 24900 26.3 42.5 1.66 2.8 0
3001 2007 154 24700 25.2 37.4 1.57 3.8 0
3001 2007 155 24000 24.8 44.9 1.96 3.1 0
3001 2007 156 25300 27.5 45.4 1.93 3.1 0
3001 2007 157 23200 26.7 44.4 2.09 3.1 0
3001 2007 158 23700 22.9 41.1 2.13 2.7 0
3001 2007 159 23900 23.6 37.4 1.76 2.6 0
3001 2007 160 25800 22.1 38.8 1.65 3.0 0
3001 2007 161 26100 22.5 37.4 1.49 3.4 0
3001 2007 162 26500 22.9 39.7 1.48 3.7 0
3001 2007 163 25900 24.8 41.5 1.48 3.6 0
3001 2007 164 16600 24.8 38.3 1.5 2.8 0
3001 2007 165 22900 23.2 37.9 2.24 2.5 0
3001 2007 166 24200 24.0 35.3 2.26 2.5 0
3001 2007 167 26700 22.9 42.5 1.66 4.1 0
3001 2007 168 26400 27.5 39.7 1.94 3.5 0
3001 2007 169 24900 26.0 35.7 2.09 3.1 0
3001 2007 170 26900 22.5 41.5 2.03 2.3 0
3001 2007 171 24400 22.9 42.9 2.47 2.8 0
3001 2007 172 24800 24.4 40.1 1.99 3.1 0
3001 2007 173 26700 24.8 36.1 2.05 2.8 0
3001 2007 174 23800 24.0 40.1 3.29 3.2 0
3001 2007 175 20800 26.7 40.6 3.74 2.3 0
3001 2007 176 25600 26.0 42.9 3.14 2.7 0
3001 2007 177 26700 25.6 39.7 2.33 4.4 0
3001 2007 178 25200 24.8 39.2 3.19 4.1 0
3001 2007 179 24700 26.7 42.9 3.08 3.1 0
3001 2007 180 25700 25.2 43.9 2.43 2.3 0
3001 2007 181 25500 26.3 42.0 1.44 3.5 0
3001 2007 182 22800 26.3 39.7 1.75 2.5 0
3001 2007 183 25000 26.0 39.7 2.36 2.9 0
3001 2007 184 24300 26.0 37.4 2.7 3.2 0
3001 2007 185 24200 25.2 37.9 3.41 3.3 0
3001 2007 186 23500 24.0 37.4 3.66 2.6 0
3001 2007 187 24300 25.2 35.7 2.99 2.3 0
3001 2007 188 24300 25.2 36.6 2.08 4.7 0
3001 2007 189 22200 24.4 36.1 2.46 4.9 0
3001 2007 190 24600 23.6 36.6 2.65 3.4 0
3001 2007 191 23300 22.9 39.7 2.78 3.4 10
3001 2007 192 24100 24.0 38.8 2.88 2.7 0
3001 2007 193 24600 25.6 38.3 3.04 3.1 0
3001 2007 194 22500 25.6 35.7 3.04 3.6 0
3001 2007 195 21400 24.0 34.4 3.14 4.7 0
3001 2007 196 21500 23.6 38.8 3.02 3.3 0
3001 2007 197 22900 23.6 32.8 3.49 4.5 0
3001 2007 198 24400 24.4 39.7 3.74 2.4 0
3001 2007 199 22000 25.6 38.3 3.66 1.6 0
3001 2007 200 24600 25.6 36.1 3.61 2.6 0
3001 2007 201 23900 22.5 36.6 2.86 2.4 0
3001 2007 202 24700 24.0 34.0 3.57 3.0 0
3001 2007 203 22000 21.3 31.9 3.68 2.2 0
3001 2007 204 23600 23.2 31.1 3.51 3.0 0
3001 2007 205 22800 22.9 34.9 3.39 2.6 1
3001 2007 206 21800 26.3 36.1 3.27 3.4 3
3001 2007 207 24400 25.6 36.1 2.88 2.3 4
3001 2007 208 23500 25.6 37.4 2.81 3.0 0
3001 2007 209 25200 22.1 34.0 3.19 3.1 0
3001 2007 210 18000 22.9 31.9 3.57 2.3 0
3001 2007 211 23900 24.4 35.7 3.45 2.4 0
3001 2007 212 14500 25.2 37.4 3.47 2.2 3
3001 2007 213 23300 26.7 35.3 3.79 2.0 0
3001 2007 214 23900 25.6 33.2 3.83 2.5 65
3001 2007 215 19400 23.6 35.3 3.74 2.2 2
3001 2007 216 22600 24.8 36.6 3.74 1.1 0
3001 2007 217 24000 26.0 34.0 3.74 1.7 0
3001 2007 218 23500 26.0 34.4 3.74 2.3 0
3001 2007 219 22500 22.9 36.6 3.7 4.6 0
3001 2007 220 20400 23.2 34.9 3.66 4.0 0
3001 2007 221 20600 24.4 33.6 3.49 2.0 0
3001 2007 222 20500 22.9 32.3 3.64 2.4 0
3001 2007 223 23300 24.0 33.2 3.72 2.1 0
3001 2007 224 23500 24.8 36.1 3.85 1.9 0
3001 2007 225 20300 24.0 31.9 3.72 1.9 0
3001 2007 226 15400 25.6 37.4 3.66 1.3 6
3001 2007 227 22000 23.2 33.6 3.74 2.7 13
3001 2007 228 19100 23.6 34.9 3.76 1.9 0
3001 2007 229 23100 26.0 36.1 3.74 1.2 0
3001 2007 230 23800 21.3 37.4 3.74 2.3 0
3001 2007 231 23100 22.9 34.9 3.74 2.0 0
3001 2007 232 24700 26.7 36.6 3.68 2.0 0
3001 2007 233 22800 27.9 35.3 3.45 2.4 3
3001 2007 234 23800 26.3 34.0 3.43 1.9 0
3001 2007 235 23500 25.6 36.6 3.59 1.5 0
3001 2007 236 23000 26.0 36.1 3.66 1.6 9
3001 2007 237 23100 21.3 37.4 3.7 3.2 0
3001 2007 238 23900 22.9 34.9 3.72 3.2 0
3001 2007 239 20900 26.7 36.6 3.72 2.0 16
3001 2007 240 20900 27.9 35.3 3.76 1.5 26
3001 2007 241 16300 26.3 34.0 3.64 1.6 29
3001 2007 242 11900 25.6 36.6 3.66 1.8 25
3001 2007 243 17900 26.0 35.3 3.53 1.4 0
3001 2007 244 23900 24.8 37.9 3.72 2.2 8
3001 2007 245 18000 26.3 40.6 3.74 1.3 4
3001 2007 246 20800 26.3 35.7 3.72 1.5 0
3001 2007 247 23500 23.6 35.7 3.74 1.6 0
3001 2007 248 23500 23.2 34.4 3.81 1.5 0
3001 2007 249 24200 23.2 35.3 3.79 1.9 2
3001 2007 250 24200 24.4 32.8 3.61 2.0 0
3001 2007 251 15800 25.2 34.4 3.72 1.2 11
3001 2007 252 19500 25.6 36.6 3.74 0.8 3
3001 2007 253 20100 26.3 40.6 3.72 1.1 0
3001 2007 254 24300 26.3 35.7 3.85 1.6 2
3001 2007 255 24200 23.6 35.7 3.83 1.4 0
3001 2007 256 23700 23.2 34.4 3.72 1.9 0
3001 2007 257 22400 23.2 35.3 3.74 1.1 2
3001 2007 258 22800 24.4 32.8 3.64 1.9 0
3001 2007 259 24100 25.2 34.4 3.83 2.3 0
3001 2007 260 23100 25.6 36.6 3.47 1.3 2
3001 2007 261 21900 26.7 37.4 3.66 2.7 0
3001 2007 262 17800 22.9 31.1 3.68 2.0 12
3001 2007 263 22500 24.8 37.0 3.66 1.2 0
3001 2007 264 24000 26.3 37.4 3.66 1.9 0
3001 2007 265 24000 24.4 40.1 3.61 1.7 0
3001 2007 266 23300 25.6 37.9 3.45 2.8 0
3001 2007 267 20300 23.2 38.8 3.19 2.0 0
3001 2007 268 23100 23.6 39.2 3.06 1.7 0
3001 2007 269 21100 25.2 37.4 3.53 2.3 6
3001 2007 270 22600 24.8 33.6 3.7 2.8 0
3001 2007 271 22900 26.0 39.2 3.33 1.1 0
3001 2007 272 23200 26.3 38.8 3.23 2.7 0
3001 2007 273 23000 26.0 40.6 3.29 2.5 0
3001 2007 274 23000 24.8 40.6 2.97 2.8 0
3001 2007 275 24100 22.1 39.7 2.3 4.0 0
3001 2007 276 23000 22.9 39.2 2.52 2.5 0
3001 2007 277 23500 26.0 35.3 2.6 2.2 0
3001 2007 278 23100 25.6 41.1 2.93 2.4 0
3001 2007 279 23200 26.0 41.5 2.71 2.6 0
3001 2007 280 23400 21.7 39.7 2.04 2.7 0
3001 2007 281 22900 22.5 39.2 2.76 3.0 0
3001 2007 282 21300 24.0 37.9 2.97 2.2 0
3001 2007 283 21700 27.5 38.8 3.04 3.8 0
3001 2007 284 17700 26.0 40.1 2.83 2.5 0
3001 2007 285 19500 22.5 39.2 3.49 2.4 1
3001 2007 286 18100 23.2 36.6 3.21 1.8 0
3001 2007 287 20400 27.1 37.0 2.49 2.2 0
3001 2007 288 22200 26.3 40.1 2.26 3.4 0
3001 2007 289 22300 25.6 41.5 2.26 4.8 0
3001 2007 290 21600 25.2 39.7 1.91 3.2 0
3001 2007 291 22300 24.8 38.8 2.09 2.4 0
3001 2007 292 22200 26.3 37.9 1.91 3.2 0
3001 2007 293 22000 21.7 39.2 1.66 2.8 0
3001 2007 294 21800 22.1 39.7 1.81 2.0 0
3001 2007 295 21600 21.7 41.1 2.04 1.6 0
3001 2007 296 18900 23.6 37.9 2.08 2.7 0
3001 2007 297 18100 21.0 40.1 2.65 1.9 0
3001 2007 298 21300 22.1 39.2 1.91 3.5 0
3001 2007 299 21100 22.1 37.4 1.89 2.8 0
3001 2007 300 21200 21.3 37.0 1.74 1.8 0
3001 2007 301 20800 20.6 35.3 1.67 2.7 0
3001 2007 302 20300 19.8 36.6 1.73 2.0 0
3001 2007 303 20300 21.0 37.4 1.95 2.0 0
3001 2007 304 18900 22.5 39.7 1.89 2.5 0
3001 2007 305 17900 19.8 39.7 1.93 2.3 0
3001 2007 306 18400 17.9 41.1 2.38 2.5 0
3001 2007 307 17100 21.3 38.8 2.26 1.3 0
3001 2007 308 19000 17.5 39.2 2.01 1.5 0
3001 2007 309 19600 16.8 39.2 1.84 3.1 0
3001 2007 310 18300 17.1 38.8 1.65 4.2 0
3001 2007 311 18600 15.2 39.2 1.33 5.9 0
3001 2007 312 19600 16.0 38.8 0.99 4.8 0
3001 2007 313 19100 17.5 38.8 1.1 5.7 0
3001 2007 314 19400 17.9 39.2 1.01 4.6 0
3001 2007 315 19200 20.6 38.3 1.15 3.6 0
3001 2007 316 16400 20.2 37.9 1.1 3.5 0
3001 2007 317 12200 17.1 37.9 1.49 1.6 1
3001 2007 318 18100 18.3 35.3 1.58 2.2 0
3001 2007 319 18900 15.2 33.6 1.5 1.9 0
3001 2007 320 18900 12.2 35.7 1.37 2.3 0
3001 2007 321 19000 13.3 36.1 1.38 2.7 0
3001 2007 322 18400 17.5 39.2 1.39 2.4 0
3001 2007 323 10800 19.0 36.6 1.53 2.6 0
3001 2007 324 18600 14.5 36.6 1.53 4.4 0
3001 2007 325 17200 14.1 35.7 1.39 5.0 0
3001 2007 326 15700 12.9 35.3 1.13 3.0 0
3001 2007 327 17600 11.8 35.7 1.6 4.5 0
3001 2007 328 18800 11.8 35.3 1.5 4.8 0
3001 2007 329 18400 15.2 33.6 1.29 4.4 0
3001 2007 330 17900 11.0 37.0 1.16 4.8 0
3001 2007 331 14600 11.0 36.1 1.27 5.5 0
3001 2007 332 16200 11.8 37.0 1.33 4.4 0
3001 2007 333 17700 11.8 35.7 1.18 3.4 0
3001 2007 334 14000 10.2 34.0 1.1 2.1 0
3001 2007 335 16300 10.2 32.8 0.99 3.4 0
3001 2007 336 19200 12.6 32.8 0.89 3.3 0
3001 2007 337 19400 11.8 31.1 0.84 5.5 0
3001 2007 338 18900 9.8 34.0 0.92 5.7 0
3001 2007 339 19400 15.6 32.8 0.92 5.5 0
3001 2007 340 19800 16.4 30.3 0.9 5.9 0
3001 2007 341 19000 14.1 30.3 1 4.9 0
3001 2007 342 19100 10.6 30.7 1.38 4.9 0
3001 2007 343 19000 11.4 31.1 1.2 4.1 0
3001 2007 344 19400 14.1 29.1 1.17 2.6 0
3001 2007 345 18200 17.1 25.2 1.44 2.1 0
3001 2007 346 18400 15.6 26.7 1.57 2.5 0
3001 2007 347 18300 16.8 24.8 1.66 1.8 0
3001 2007 348 13200 13.3 29.9 1.01 4.7 0
3001 2007 349 10900 12.9 35.7 1.1 4.5 0
3001 2007 350 17100 14.5 34.9 1.3 3.8 0
3001 2007 351 17200 14.1 34.0 1.42 3.1 0
3001 2007 352 18500 17.5 29.5 1.21 2.1 0
3001 2007 353 18500 10.2 28.3 1.3 3.6 0
3001 2007 354 18400 10.2 28.7 1.5 2.5 0
3001 2007 355 18600 9.4 30.7 1.53 5.7 0
3001 2007 356 18400 9.8 32.3 1.53 3.3 0
3001 2007 357 18700 11.8 31.9 1.31 3.8 0
3001 2007 358 18800 11.4 35.7 1.33 4.1 0
3001 2007 359 18500 12.6 37.4 1.08 4.0 0
3001 2007 360 18100 12.6 34.0 0.99 5.2 0
3001 2007 361 14200 14.1 31.5 1 4.3 0
3001 2007 362 18700 17.1 30.7 0.99 4.8 0
3001 2007 363 18600 12.2 32.3 1 4.9 0
3001 2007 364 13900 11.8 29.9 1.04 5.7 0
3001 2007 365 16500 14.5 29.9 0.93 6.4 0
