*---------------------------------------------------------*
*   Country: Senegal
*   Station: SEN_HUB_fanaye
*   Station #: 3001
*   Year: 1989
*   Source: AfricaRice; historical observed data (1991-1999,2006-2011, 2013,2014)
*   Author: Pepijn van Oort (AfricaRice). Original Script by Justin van Wart (University Nebraska)
*   Longitude: -14.80 (decimal degrees East)
*   Latitude: 16.53 (decimal degrees North)
*   Elevation: 11 m.
*
*  Columns:
*  ========
*  1 station number
*  2 year
*  3 day
*  4 irradiation (kJ m-2 d-1)
*  5 minimum temperature (degrees Celsius)
*  6 maximum temperature (degrees Celsius)
*  7 actual vapour pressure (kPa)   
*  8 mean wind speed (m s-1)
*  9 precipitation (mm d-1)
*
** WCCDESCRIPTION=Senegal, SEN_HUB_fanaye
** WCCFORMAT=2
** WCCYEARNR= 1989
*
* COMMENT - START
*   Filename: SEN3001.989
*   Source file: SEN_HUBHIST_Fanaye.xlsx; sheet: GYGAReady_public_propagation
*   Source file contains station data (black) and propagated data (red).
*   When station data are available these are filled in in the current file.
*   When station data are not available the method uses NASA data from the POWER database.
*   Tmin, Tmax and Tdew from the POWER database are corrected for bias based on empirical regression between POWER data and available station data.
* COMMENT - END
*---------------------------------------------------------*
-14.80  16.53  11  0  0
3001 1989 001 13400 19.4 32.7 0.77 2.3 -99
3001 1989 002 18100 18.6 31.8 0.77 2.3 -99
3001 1989 003 17500 16.4 31.3 0.65 2.3 -99
3001 1989 004 17800 15.1 30.5 0.59 2.3 -99
3001 1989 005 16400 14.3 29.8 0.54 2.3 -99
3001 1989 006 17800 13.6 27.8 0.65 2.3 -99
3001 1989 007 17800 11.9 27.5 0.66 2.3 -99
3001 1989 008 16600 9.5 28.4 0.63 2.3 -99
3001 1989 009 16200 12.1 31.2 0.69 2.3 -99
3001 1989 010 18300 13.4 32.1 0.78 2.3 -99
3001 1989 011 15400 15.0 33.6 0.78 2.3 -99
3001 1989 012 17600 15.9 34.0 0.85 2.3 -99
3001 1989 013 17500 16.9 33.8 0.81 2.3 -99
3001 1989 014 17800 17.6 34.1 0.84 2.3 -99
3001 1989 015 17900 17.6 33.0 0.74 2.3 -99
3001 1989 016 17600 17.1 32.4 0.76 2.3 -99
3001 1989 017 17600 15.6 31.6 0.74 2.3 -99
3001 1989 018 18000 14.3 31.7 0.76 2.3 -99
3001 1989 019 17100 13.6 33.1 0.84 2.3 -99
3001 1989 020 17200 15.4 33.0 0.88 2.3 -99
3001 1989 021 17200 16.3 34.2 0.93 2.3 -99
3001 1989 022 17800 16.7 35.4 0.94 2.3 -99
3001 1989 023 18500 19.3 35.8 1 2.3 -99
3001 1989 024 13800 18.6 34.0 0.9 2.3 -99
3001 1989 025 16300 16.9 34.7 0.92 2.3 -99
3001 1989 026 8600 17.1 34.8 0.92 2.3 -99
3001 1989 027 13000 19.4 35.3 1.03 2.3 -99
3001 1989 028 11900 20.8 34.7 1 2.3 -99
3001 1989 029 15400 21.9 33.9 1.03 2.3 -99
3001 1989 030 20400 18.6 33.3 0.9 2.3 -99
3001 1989 031 16700 17.2 34.2 0.95 2.3 -99
3001 1989 032 15000 17.8 34.4 0.95 2.3 -99
3001 1989 033 20400 17.3 35.5 0.91 2.3 -99
3001 1989 034 19700 18.1 35.1 0.88 2.3 -99
3001 1989 035 21000 19.0 35.1 0.82 2.3 -99
3001 1989 036 20600 19.8 34.8 0.81 2.3 -99
3001 1989 037 20600 16.4 34.4 0.85 2.3 -99
3001 1989 038 20900 16.7 34.7 0.97 2.3 -99
3001 1989 039 18900 17.0 35.3 1.05 2.3 -99
3001 1989 040 19900 17.4 35.1 1.24 2.3 -99
3001 1989 041 19900 18.6 35.6 1.1 2.3 -99
3001 1989 042 22200 18.5 35.1 0.97 2.3 -99
3001 1989 043 20200 16.8 31.5 1.17 2.3 -99
3001 1989 044 13600 14.7 33.1 1.32 2.3 -99
3001 1989 045 14400 18.1 33.8 1.41 2.3 -99
3001 1989 046 18100 23.5 36.2 1.38 2.3 -99
3001 1989 047 19400 22.2 35.4 0.95 2.3 -99
3001 1989 048 17700 22.7 35.8 1.04 2.3 -99
3001 1989 049 7400 21.6 34.1 1.27 2.3 -99
3001 1989 050 16600 19.2 36.0 1.11 2.3 -99
3001 1989 051 23400 20.0 35.6 0.95 2.3 -99
3001 1989 052 21400 20.4 35.8 0.81 2.3 -99
3001 1989 053 19600 18.2 34.3 0.72 2.3 -99
3001 1989 054 22600 15.7 33.6 0.81 2.3 -99
3001 1989 055 23900 14.4 32.2 0.97 2.3 -99
3001 1989 056 24200 15.4 33.1 1.04 2.3 -99
3001 1989 057 24000 15.2 34.1 1.12 2.3 -99
3001 1989 058 24200 16.8 33.8 1.3 2.3 -99
3001 1989 059 24100 15.7 33.7 1.14 2.3 -99
3001 1989 060 24900 15.7 35.6 1.05 2.3 -99
3001 1989 061 23500 17.1 37.8 0.88 2.3 -99
3001 1989 062 25200 18.2 38.8 0.7 2.3 -99
3001 1989 063 25200 18.1 38.8 0.66 2.3 -99
3001 1989 064 24800 18.0 37.5 0.82 2.3 -99
3001 1989 065 19900 18.3 38.1 0.87 2.3 -99
3001 1989 066 24600 21.0 38.5 0.95 2.3 -99
3001 1989 067 26000 19.0 38.6 0.8 2.3 -99
3001 1989 068 25900 19.4 37.9 0.86 2.3 -99
3001 1989 069 25300 18.9 38.4 0.8 2.3 -99
3001 1989 070 24900 18.2 35.4 1.48 2.3 -99
3001 1989 071 25000 16.2 33.5 1.83 2.3 -99
3001 1989 072 24700 17.4 32.4 1.7 2.3 -99
3001 1989 073 22000 16.0 33.6 1.31 2.3 -99
3001 1989 074 26100 16.6 34.7 1.01 2.3 -99
3001 1989 075 23900 16.3 34.7 1.17 2.3 -99
3001 1989 076 18800 21.4 36.2 1.41 2.3 -99
3001 1989 077 25100 19.8 36.2 1.24 2.3 -99
3001 1989 078 23100 20.8 36.2 1.13 2.3 -99
3001 1989 079 23700 20.5 35.5 1.07 2.3 -99
3001 1989 080 24400 19.4 36.0 1.1 2.3 -99
3001 1989 081 18900 19.7 36.3 1 2.3 -99
3001 1989 082 21700 20.4 36.8 1.02 2.3 -99
3001 1989 083 21700 20.2 35.3 0.92 2.3 -99
3001 1989 084 26200 19.1 36.1 0.74 2.3 -99
3001 1989 085 25600 18.7 36.2 0.92 2.3 -99
3001 1989 086 25700 19.7 36.2 1.07 2.3 -99
3001 1989 087 23700 19.6 34.2 1.09 2.3 -99
3001 1989 088 26900 17.8 34.8 1 2.3 -99
3001 1989 089 25900 17.2 35.0 1.09 2.3 -99
3001 1989 090 26100 18.6 36.7 1.13 2.3 -99
3001 1989 091 22600 18.6 34.6 1.31 2.3 -99
3001 1989 092 25500 20.3 35.1 1.41 2.3 -99
3001 1989 093 25700 20.8 35.9 1.31 2.3 -99
3001 1989 094 26800 20.3 36.0 1.25 2.3 -99
3001 1989 095 26500 20.3 36.7 1.34 2.3 -99
3001 1989 096 26200 21.4 38.1 1.38 2.3 -99
3001 1989 097 26800 21.7 38.2 1.36 2.3 -99
3001 1989 098 26100 21.9 37.9 1.26 2.3 -99
3001 1989 099 26200 21.3 38.2 1.07 2.3 -99
3001 1989 100 24400 21.4 37.6 1.08 2.3 -99
3001 1989 101 26100 21.0 36.3 1.02 2.3 -99
3001 1989 102 27800 19.2 38.1 0.85 2.3 -99
3001 1989 103 27900 19.7 38.5 0.91 2.3 -99
3001 1989 104 28100 20.5 38.8 0.77 2.3 -99
3001 1989 105 27900 21.1 38.7 0.84 2.3 -99
3001 1989 106 28400 21.0 38.6 0.87 2.3 -99
3001 1989 107 28300 19.5 38.3 0.91 2.3 -99
3001 1989 108 24500 19.5 37.2 1.31 2.3 -99
3001 1989 109 25200 19.7 37.1 1.24 2.3 -99
3001 1989 110 24300 21.1 38.1 1.29 2.3 -99
3001 1989 111 24800 21.1 38.4 1.14 2.3 -99
3001 1989 112 26400 22.0 38.9 1.22 2.3 -99
3001 1989 113 25800 21.6 38.1 1.26 2.3 -99
3001 1989 114 26400 21.1 37.1 1.17 2.3 -99
3001 1989 115 22300 20.4 35.5 1.19 2.3 -99
3001 1989 116 11300 22.8 37.3 1.24 2.3 -99
3001 1989 117 26100 22.2 38.6 1.1 2.3 -99
3001 1989 118 25400 22.3 37.9 1.04 2.3 -99
3001 1989 119 28400 21.5 38.3 0.71 2.3 -99
3001 1989 120 28800 19.9 37.7 0.74 2.3 -99
3001 1989 121 29000 18.6 38.7 0.92 2.3 -99
3001 1989 122 26500 19.8 38.6 1.22 2.3 -99
3001 1989 123 27300 21.0 38.2 1.45 2.3 -99
3001 1989 124 26500 21.2 38.1 1.45 2.3 -99
3001 1989 125 27300 22.2 38.9 1.47 2.3 -99
3001 1989 126 26800 24.1 40.7 1.48 2.3 -99
3001 1989 127 26500 25.6 42.2 1.21 2.3 -99
3001 1989 128 26900 24.6 41.6 1.17 2.3 -99
3001 1989 129 27300 25.1 41.5 1.28 2.3 -99
3001 1989 130 26000 24.6 40.7 1.34 2.3 -99
3001 1989 131 27500 24.1 42.1 1.1 2.3 -99
3001 1989 132 27100 25.2 41.6 1 2.3 -99
3001 1989 133 27100 25.1 42.0 1.1 2.3 -99
3001 1989 134 26600 25.7 42.1 1.21 2.3 -99
3001 1989 135 26400 27.0 42.5 1.31 2.3 -99
3001 1989 136 26900 26.7 42.7 1.35 2.3 -99
3001 1989 137 27400 26.8 42.2 1.24 2.3 -99
3001 1989 138 27300 24.5 42.5 1.2 2.3 -99
3001 1989 139 27900 23.1 42.1 1.34 2.3 -99
3001 1989 140 27600 23.1 40.1 1.28 2.3 -99
3001 1989 141 26100 23.6 39.8 1.24 2.3 -99
3001 1989 142 26000 25.0 40.4 1.34 2.3 -99
3001 1989 143 26800 24.4 39.8 1.21 2.3 -99
3001 1989 144 26400 23.7 39.7 1.36 2.3 -99
3001 1989 145 22500 25.6 39.2 1.67 2.3 -99
3001 1989 146 25600 25.6 39.9 1.65 2.3 -99
3001 1989 147 24600 25.8 41.1 1.41 2.3 -99
3001 1989 148 26200 26.1 41.8 1.39 2.3 -99
3001 1989 149 23900 26.5 41.3 1.31 2.3 -99
3001 1989 150 23900 26.8 41.7 1.31 2.3 -99
3001 1989 151 25200 27.5 41.5 1.41 2.3 -99
3001 1989 152 20700 26.9 42.9 1.45 2.3 -99
3001 1989 153 21100 28.2 43.0 1.51 2.3 -99
3001 1989 154 27100 27.4 42.1 1.52 2.3 -99
3001 1989 155 24600 25.2 42.5 1.45 2.3 -99
3001 1989 156 27100 27.9 43.0 1.34 2.3 -99
3001 1989 157 21100 26.9 42.3 1.31 2.3 -99
3001 1989 158 25700 25.0 42.9 1.31 2.3 -99
3001 1989 159 24400 26.8 41.5 1.24 2.3 -99
3001 1989 160 27000 25.4 42.3 1.18 2.3 -99
3001 1989 161 27300 25.5 42.9 1.23 2.3 -99
3001 1989 162 24300 27.4 40.9 1.78 2.3 -99
3001 1989 163 25700 26.7 38.3 2.6 2.3 -99
3001 1989 164 22600 25.6 38.3 2.21 2.3 -99
3001 1989 165 27000 22.4 38.8 1.76 2.3 -99
3001 1989 166 27300 24.1 41.9 1.38 2.3 -99
3001 1989 167 18100 24.0 39.5 2.03 2.3 -99
3001 1989 168 14700 26.2 37.3 2.52 2.3 -99
3001 1989 169 25300 23.2 37.2 2.65 2.3 -99
3001 1989 170 25800 23.8 42.3 1.83 2.3 -99
3001 1989 171 22500 24.0 39.8 2.2 2.3 -99
3001 1989 172 26200 23.9 40.6 1.67 2.3 -99
3001 1989 173 26400 23.5 38.2 1.13 2.3 -99
3001 1989 174 24800 21.7 38.2 1.64 2.3 -99
3001 1989 175 25100 25.5 36.4 2.28 2.3 -99
3001 1989 176 26200 25.1 38.8 2.27 2.3 -99
3001 1989 177 25500 26.0 43.1 2.08 2.3 -99
3001 1989 178 21200 23.6 37.1 2.88 2.3 -99
3001 1989 179 12100 22.7 40.1 2.46 2.3 -99
3001 1989 180 19300 26.6 42.9 1.7 2.3 -99
3001 1989 181 12200 24.3 35.1 3.1 2.3 -99
3001 1989 182 24400 21.4 29.3 3.59 2.3 -99
3001 1989 183 25800 21.0 33.8 3.37 2.3 -99
3001 1989 184 24900 22.1 38.1 2.88 2.3 -99
3001 1989 185 25500 21.8 34.8 3.08 2.3 -99
3001 1989 186 24000 22.8 35.9 2.97 2.3 -99
3001 1989 187 25300 24.2 37.5 2.66 2.3 -99
3001 1989 188 23500 25.0 37.7 2.83 2.3 -99
3001 1989 189 26500 25.5 40.0 2.15 2.3 -99
3001 1989 190 26500 25.3 42.8 1.61 2.3 -99
3001 1989 191 26600 24.7 40.0 1.57 2.3 -99
3001 1989 192 19800 23.6 30.0 3.35 2.3 -99
3001 1989 193 21000 21.3 29.3 3.57 2.3 -99
3001 1989 194 16400 21.4 30.6 3.57 2.3 -99
3001 1989 195 18100 21.4 30.5 3.57 2.3 -99
3001 1989 196 23600 22.2 34.0 3.31 2.3 -99
3001 1989 197 20200 22.1 35.3 3.39 2.3 -99
3001 1989 198 25400 20.3 32.1 3.37 2.3 -99
3001 1989 199 24400 19.2 34.5 3.08 2.3 -99
3001 1989 200 24800 21.7 38.6 2.57 2.3 -99
3001 1989 201 25800 24.0 35.7 3.23 2.3 -99
3001 1989 202 18600 22.5 32.4 3.59 2.3 -99
3001 1989 203 23200 22.9 34.1 3.31 2.3 -99
3001 1989 204 26300 23.5 39.0 2.46 2.3 -99
3001 1989 205 26200 24.1 38.4 2.78 2.3 -99
3001 1989 206 22500 23.2 36.6 2.92 2.3 -99
3001 1989 207 25400 23.0 33.6 3.33 2.3 -99
3001 1989 208 25700 22.6 31.8 3.59 2.3 -99
3001 1989 209 25700 21.8 34.4 3.14 2.3 -99
3001 1989 210 25800 23.9 36.4 3.01 2.3 -99
3001 1989 211 25900 22.9 34.7 3.23 2.3 -99
3001 1989 212 26600 23.4 40.6 2.31 2.3 -99
3001 1989 213 25200 23.3 36.1 3.04 2.3 -99
3001 1989 214 21600 21.9 31.8 3.39 2.3 -99
3001 1989 215 22400 21.4 34.1 3.14 2.3 -99
3001 1989 216 25700 23.8 39.5 2.63 2.3 -99
3001 1989 217 26500 22.2 39.4 2.4 2.3 -99
3001 1989 218 26400 23.1 37.3 2.47 2.3 -99
3001 1989 219 27000 23.4 37.1 2.43 2.3 -99
3001 1989 220 25200 22.0 35.5 2.54 2.3 -99
3001 1989 221 25200 23.6 38.2 2.41 2.3 -99
3001 1989 222 20000 24.6 36.2 2.8 2.3 -99
3001 1989 223 21600 24.5 35.6 2.97 2.3 -99
3001 1989 224 22900 23.6 34.8 3.21 2.3 -99
3001 1989 225 20800 21.6 30.7 3.59 2.3 -99
3001 1989 226 19700 21.4 30.0 3.66 2.3 -99
3001 1989 227 17900 21.4 30.8 3.7 2.3 -99
3001 1989 228 17600 22.1 31.9 3.55 2.3 -99
3001 1989 229 23300 22.0 31.4 3.51 2.3 -99
3001 1989 230 23000 21.0 31.7 3.53 2.3 -99
3001 1989 231 20700 20.8 33.2 3.19 2.3 -99
3001 1989 232 24300 22.2 39.5 2.54 2.3 -99
3001 1989 233 7900 23.4 30.6 3.59 2.3 -99
3001 1989 234 22000 22.0 30.7 3.74 2.3 -99
3001 1989 235 21900 21.9 31.9 3.66 2.3 -99
3001 1989 236 9300 22.6 32.5 3.57 2.3 -99
3001 1989 237 18000 21.8 30.5 3.64 2.3 -99
3001 1989 238 18800 20.9 30.0 3.57 2.3 -99
3001 1989 239 20800 20.9 29.2 3.61 2.3 -99
3001 1989 240 18700 20.7 31.0 3.59 2.3 -99
3001 1989 241 12000 22.2 32.6 3.51 2.3 -99
3001 1989 242 22600 22.5 33.1 3.53 2.3 -99
3001 1989 243 23500 21.0 31.1 3.72 2.3 -99
3001 1989 244 12100 21.5 31.0 3.66 2.3 -99
3001 1989 245 18800 21.0 33.2 3.37 2.3 -99
3001 1989 246 20300 22.6 34.0 3.45 2.3 -99
3001 1989 247 24300 22.9 34.4 3.45 2.3 -99
3001 1989 248 24100 20.7 32.3 3.49 2.3 -99
3001 1989 249 18900 21.2 32.1 3.35 2.3 -99
3001 1989 250 21400 21.6 36.9 2.88 2.3 -99
3001 1989 251 23200 24.4 41.1 2.08 2.3 -99
3001 1989 252 21900 23.9 34.8 3.1 2.3 -99
3001 1989 253 21700 23.5 33.1 3.49 2.3 -99
3001 1989 254 20700 22.9 35.1 3.33 2.3 -99
3001 1989 255 23900 22.7 36.2 3.23 2.3 -99
3001 1989 256 25200 22.3 31.8 3.68 2.3 -99
3001 1989 257 17700 21.6 31.0 3.55 2.3 -99
3001 1989 258 21300 22.1 35.5 3.19 2.3 -99
3001 1989 259 24100 22.9 34.7 3.29 2.3 -99
3001 1989 260 22500 23.3 36.6 3.12 2.3 -99
3001 1989 261 22300 23.6 38.2 3.1 2.3 -99
3001 1989 262 24000 22.8 36.6 2.73 2.3 -99
3001 1989 263 18600 24.1 38.5 2.52 2.3 -99
3001 1989 264 21800 25.8 40.7 2.19 2.3 -99
3001 1989 265 21900 24.2 40.3 2.19 2.3 -99
3001 1989 266 22200 24.1 36.5 2.81 2.3 -99
3001 1989 267 18400 24.2 35.9 2.88 2.3 -99
3001 1989 268 18900 24.9 39.9 2.13 2.3 -99
3001 1989 269 21600 25.6 41.0 2.07 2.3 -99
3001 1989 270 21400 24.4 39.7 2.44 2.3 -99
3001 1989 271 21500 24.7 38.5 2.46 2.3 -99
3001 1989 272 20500 25.8 40.5 2.07 2.3 -99
3001 1989 273 19800 24.0 40.9 1.64 2.3 -99
3001 1989 274 24100 22.9 40.3 1.76 2.3 -99
3001 1989 275 23800 23.7 41.2 1.57 2.3 -99
3001 1989 276 22100 23.8 41.0 1.38 2.3 -99
3001 1989 277 23400 22.9 40.7 1.24 2.3 -99
3001 1989 278 21300 22.8 37.1 2.08 2.3 -99
3001 1989 279 21500 25.0 35.7 2.58 2.3 -99
3001 1989 280 18600 24.9 32.9 3.01 2.3 -99
3001 1989 281 20300 23.8 40.1 2.2 2.3 -99
3001 1989 282 15900 23.4 36.0 2.81 2.3 -99
3001 1989 283 22200 24.6 36.6 2.55 2.3 -99
3001 1989 284 21500 23.0 39.7 1.84 2.3 -99
3001 1989 285 20200 25.8 38.8 1.85 2.3 -99
3001 1989 286 19100 24.5 39.7 1.7 2.3 -99
3001 1989 287 20300 27.1 39.9 1.7 2.3 -99
3001 1989 288 20300 25.8 39.2 1.6 2.3 -99
3001 1989 289 21700 24.4 39.6 1.58 2.3 -99
3001 1989 290 20100 23.8 38.6 1.83 2.3 -99
3001 1989 291 21000 23.8 38.9 2.03 2.3 -99
3001 1989 292 20100 24.6 38.1 2.28 2.3 -99
3001 1989 293 16500 23.8 38.9 2.36 2.3 -99
3001 1989 294 17600 25.3 38.6 1.8 2.3 -99
3001 1989 295 20000 24.4 39.4 1.25 2.3 -99
3001 1989 296 18400 22.3 38.1 1.53 2.3 -99
3001 1989 297 19700 24.2 36.1 2.3 2.3 -99
3001 1989 298 19200 24.5 35.3 2.63 2.3 -99
3001 1989 299 19400 24.9 37.7 1.93 2.3 -99
3001 1989 300 20200 24.5 37.6 1.87 2.3 -99
3001 1989 301 19400 24.2 37.5 1.74 2.3 -99
3001 1989 302 19500 23.4 38.1 1.55 2.3 -99
3001 1989 303 17200 22.3 37.6 1.39 2.3 -99
3001 1989 304 19400 21.4 37.1 1.34 2.3 -99
3001 1989 305 16000 21.0 37.3 1.36 2.3 -99
3001 1989 306 15800 21.9 38.3 1.19 2.3 -99
3001 1989 307 15900 20.0 37.7 1.15 2.3 -99
3001 1989 308 15400 19.9 37.6 1.2 2.3 -99
3001 1989 309 15600 21.0 36.9 1.22 2.3 -99
3001 1989 310 16300 20.4 36.9 1.19 2.3 -99
3001 1989 311 12100 21.0 37.1 1.13 2.3 -99
3001 1989 312 8400 20.7 36.8 1.05 2.3 -99
3001 1989 313 11900 21.7 36.7 1.13 2.3 -99
3001 1989 314 8400 20.0 36.6 1.13 2.3 -99
3001 1989 315 12300 21.8 36.6 1.37 2.3 -99
3001 1989 316 4900 21.9 33.6 1.87 2.3 -99
3001 1989 317 18800 22.2 36.4 1.76 2.3 -99
3001 1989 318 17200 21.2 36.6 1.68 2.3 -99
3001 1989 319 17400 21.7 35.8 1.59 2.3 -99
3001 1989 320 15900 21.0 35.9 1.68 2.3 -99
3001 1989 321 13000 22.4 35.4 1.77 2.3 -99
3001 1989 322 6000 25.5 35.1 1.83 2.3 -99
3001 1989 323 15900 24.0 34.7 1.91 2.3 -99
3001 1989 324 16800 24.0 36.1 2.01 2.3 -99
3001 1989 325 15800 24.3 35.4 1.85 2.3 -99
3001 1989 326 16400 23.0 34.7 1.66 2.3 -99
3001 1989 327 17600 21.0 35.5 1.66 2.3 -99
3001 1989 328 17300 21.2 35.1 1.81 2.3 -99
3001 1989 329 15400 21.5 34.7 2.17 2.3 -99
3001 1989 330 8400 24.2 34.5 2.41 2.3 -99
3001 1989 331 20000 22.8 36.0 2.09 2.3 -99
3001 1989 332 17500 22.4 36.2 2.01 2.3 -99
3001 1989 333 16100 23.0 37.1 1.73 2.3 -99
3001 1989 334 16700 22.3 37.9 1.48 2.3 -99
3001 1989 335 16700 22.0 37.9 1.48 2.3 -99
3001 1989 336 16200 23.2 37.4 1.28 2.3 -99
3001 1989 337 14500 21.4 36.7 1.16 2.3 -99
3001 1989 338 14100 19.1 36.4 1.33 2.3 -99
3001 1989 339 15400 18.4 35.4 1.16 2.3 -99
3001 1989 340 15900 19.2 34.1 1.7 2.3 -99
3001 1989 341 13400 17.4 33.2 1.94 2.3 -99
3001 1989 342 20600 18.7 34.3 1.71 2.3 -99
3001 1989 343 19000 21.0 36.0 1.63 2.3 -99
3001 1989 344 15800 22.0 35.8 1.38 2.3 -99
3001 1989 345 14900 23.7 36.1 1.32 2.3 -99
3001 1989 346 16200 20.6 36.7 1.3 2.3 -99
3001 1989 347 14800 20.3 36.2 1.41 2.3 -99
3001 1989 348 14000 19.7 35.5 1.26 2.3 -99
3001 1989 349 16100 18.2 35.8 1.2 2.3 -99
3001 1989 350 14700 19.2 36.3 1.1 2.3 -99
3001 1989 351 16100 19.2 36.9 1.16 2.3 -99
3001 1989 352 14900 19.6 36.4 1.04 2.3 -99
3001 1989 353 13900 18.9 35.3 0.93 2.3 -99
3001 1989 354 14500 19.1 33.6 0.73 2.3 -99
3001 1989 355 13500 17.7 33.1 0.9 2.3 -99
3001 1989 356 14800 17.1 31.6 0.9 2.3 -99
3001 1989 357 14500 14.7 30.8 0.79 2.3 -99
3001 1989 358 14100 12.3 30.8 0.68 2.3 -99
3001 1989 359 13500 10.9 31.7 0.74 2.3 -99
3001 1989 360 13300 13.5 32.0 0.91 2.3 -99
3001 1989 361 13500 13.4 30.8 0.95 2.3 -99
3001 1989 362 13600 12.7 29.7 1.42 2.3 -99
3001 1989 363 14100 14.8 27.8 1.95 2.3 -99
3001 1989 364 13400 14.4 28.8 1.68 2.3 -99
3001 1989 365 13600 14.0 30.0 1.54 2.3 -99
