*---------------------------------------------------------*
*   Country: Senegal
*   Station: SEN_HUB_fanaye
*   Station #: 3001
*   Year: 2000
*   Source: AfricaRice; historical observed data (1991-1999,2006-2011, 2013,2014)
*   Author: Pepijn van Oort (AfricaRice). Original Script by Justin van Wart (University Nebraska)
*   Longitude: -14.80 (decimal degrees East)
*   Latitude: 16.53 (decimal degrees North)
*   Elevation: 11 m.
*
*  Columns:
*  ========
*  1 station number
*  2 year
*  3 day
*  4 irradiation (kJ m-2 d-1)
*  5 minimum temperature (degrees Celsius)
*  6 maximum temperature (degrees Celsius)
*  7 actual vapour pressure (kPa)   
*  8 mean wind speed (m s-1)
*  9 precipitation (mm d-1)
*
** WCCDESCRIPTION=Senegal, SEN_HUB_fanaye
** WCCFORMAT=2
** WCCYEARNR= 2000
*
* COMMENT - START
*   Filename: SEN3001.000
*   Source file: SEN_HUBHIST_Fanaye.xlsx; sheet: GYGAReady_public_propagation
*   Source file contains station data (black) and propagated data (red).
*   When station data are available these are filled in in the current file.
*   When station data are not available the method uses NASA data from the POWER database.
*   Tmin, Tmax and Tdew from the POWER database are corrected for bias based on empirical regression between POWER data and available station data.
* COMMENT - END
*---------------------------------------------------------*
-14.80  16.53  11  0  0
3001 2000 001 17400 15.9 32.3 1.29 2.3 0
3001 2000 002 15400 17.1 32.1 1.32 2.3 0
3001 2000 003 14400 20.0 31.6 1.6 2.3 0
3001 2000 004 11600 20.6 29.9 1.54 2.3 0
3001 2000 005 18400 18.7 30.1 1.33 2.3 0
3001 2000 006 16200 17.4 28.9 1.19 2.3 0
3001 2000 007 13800 15.1 31.6 1.2 2.3 0
3001 2000 008 16600 14.9 30.3 0.95 2.3 0
3001 2000 009 14800 10.6 30.2 1.04 2.3 0
3001 2000 010 15000 14.6 30.8 1.65 2.3 0
3001 2000 011 14700 16.1 30.7 1.31 2.3 0
3001 2000 012 15500 15.5 30.1 0.83 2.3 0
3001 2000 013 13900 14.0 29.0 0.66 2.3 0
3001 2000 014 13800 14.3 29.2 0.8 2.3 0
3001 2000 015 16400 13.9 29.5 0.79 2.3 0
3001 2000 016 14200 14.8 32.2 0.88 2.3 0
3001 2000 017 15500 17.7 34.3 0.96 2.3 0
3001 2000 018 18600 16.2 34.0 0.88 2.3 0
3001 2000 019 17200 17.8 33.1 0.81 2.3 0
3001 2000 020 14500 15.7 33.2 0.7 2.3 0
3001 2000 021 19200 15.1 33.1 0.75 2.3 0
3001 2000 022 18200 15.4 33.6 0.87 2.3 0
3001 2000 023 19800 15.2 32.9 0.84 2.3 0
3001 2000 024 16800 15.2 33.6 0.87 2.3 0
3001 2000 025 17400 16.9 32.6 1.02 2.3 0
3001 2000 026 17700 15.9 33.5 0.92 2.3 0
3001 2000 027 17500 18.5 34.7 1 2.3 0
3001 2000 028 13000 18.6 35.1 1.28 2.3 0
3001 2000 029 16700 20.6 36.7 1.36 2.3 0
3001 2000 030 16000 22.0 38.4 1.12 2.3 0
3001 2000 031 16500 21.7 36.0 1.3 2.3 0
3001 2000 032 16700 18.7 33.2 0.84 2.3 0
3001 2000 033 17000 17.3 32.5 0.8 2.3 0
3001 2000 034 17200 16.3 32.7 0.72 2.3 0
3001 2000 035 17200 12.1 31.9 0.64 2.3 0
3001 2000 036 16100 15.1 33.0 0.74 2.3 0
3001 2000 037 17900 15.1 31.8 0.79 2.3 0
3001 2000 038 17200 15.6 31.8 0.88 2.3 0
3001 2000 039 15900 16.2 32.9 0.81 2.3 0
3001 2000 040 17100 16.9 32.3 0.79 2.3 0
3001 2000 041 18000 15.4 31.7 0.64 2.3 0
3001 2000 042 17900 16.8 32.5 0.67 2.3 0
3001 2000 043 18600 16.0 32.9 0.7 2.3 0
3001 2000 044 12500 12.7 33.9 0.79 2.3 0
3001 2000 045 13700 20.0 33.9 0.72 2.3 0
3001 2000 046 18500 18.7 33.6 0.58 2.3 0
3001 2000 047 19500 18.4 34.4 0.6 2.3 0
3001 2000 048 19100 17.1 33.9 0.67 2.3 0
3001 2000 049 23100 16.9 33.6 0.7 2.3 0
3001 2000 050 19100 14.9 33.4 0.63 2.3 0
3001 2000 051 18500 13.6 33.8 0.69 2.3 0
3001 2000 052 19500 16.4 35.5 0.79 2.3 0
3001 2000 053 18300 15.9 32.2 1.55 2.3 0
3001 2000 054 15600 19.8 32.9 1.63 2.3 0
3001 2000 055 14800 20.1 32.3 1.65 2.3 0
3001 2000 056 21700 20.1 34.4 1.44 2.3 0
3001 2000 057 20200 18.1 36.6 1.3 2.3 0
3001 2000 058 20800 19.1 37.3 1.02 2.3 0
3001 2000 059 20200 18.9 35.9 1.13 2.3 0
3001 2000 060 20300 18.3 37.5 1.15 2.3 0
3001 2000 061 20500 17.0 38.1 1.18 2.3 0
3001 2000 062 17600 19.1 37.3 1.41 2.3 0
3001 2000 063 20300 19.9 37.5 1.78 2.3 0
3001 2000 064 20500 21.6 38.5 1.68 2.3 0
3001 2000 065 20700 20.9 38.6 1.4 2.3 0
3001 2000 066 21100 20.3 39.9 1.1 2.3 0
3001 2000 067 21500 20.1 40.1 0.87 2.3 0
3001 2000 068 21900 21.1 39.7 0.88 2.3 0
3001 2000 069 21900 17.5 39.6 0.95 2.3 0
3001 2000 070 21900 19.3 38.4 0.91 2.3 0
3001 2000 071 23400 21.5 37.9 0.85 2.3 0
3001 2000 072 22300 19.9 36.8 0.69 2.3 0
3001 2000 073 23200 17.5 37.4 0.74 2.3 0
3001 2000 074 23900 18.8 37.7 0.75 2.3 0
3001 2000 075 23700 18.6 36.8 0.68 2.3 0
3001 2000 076 23800 17.4 36.9 0.5 2.3 0
3001 2000 077 24200 17.9 36.7 0.8 2.3 0
3001 2000 078 23300 18.2 37.5 0.64 2.3 0
3001 2000 079 21300 17.3 36.5 0.78 2.3 0
3001 2000 080 23400 18.0 37.4 0.74 2.3 0
3001 2000 081 22100 18.2 36.9 1.04 2.3 0
3001 2000 082 22200 18.8 37.5 0.95 2.3 0
3001 2000 083 25100 19.6 38.0 0.93 2.3 0
3001 2000 084 24700 20.5 38.2 1.07 2.3 0
3001 2000 085 24900 21.5 38.1 1.06 2.3 0
3001 2000 086 22300 21.4 37.0 1.12 2.3 0
3001 2000 087 23700 20.9 37.1 1.21 2.3 0
3001 2000 088 23200 18.7 37.2 1.12 2.3 0
3001 2000 089 22400 20.5 37.5 1.03 2.3 0
3001 2000 090 22900 21.2 37.3 1.51 2.3 0
3001 2000 091 21500 22.5 39.0 1.52 2.3 0
3001 2000 092 23900 24.2 39.9 1.51 2.3 0
3001 2000 093 23700 23.5 38.7 1.76 2.3 0
3001 2000 094 24000 22.3 35.9 1.64 2.3 0
3001 2000 095 23900 20.9 35.5 1.24 2.3 0
3001 2000 096 23100 20.5 38.6 1.27 2.3 0
3001 2000 097 23600 22.6 39.8 1.38 2.3 0
3001 2000 098 23200 21.9 37.5 1.42 2.3 0
3001 2000 099 23000 21.2 38.1 1.63 2.3 0
3001 2000 100 22900 22.6 38.4 1.57 2.3 0
3001 2000 101 23900 23.8 39.5 1.55 2.3 0
3001 2000 102 24600 25.2 39.9 1.24 2.3 0
3001 2000 103 23700 24.6 39.3 1.19 2.3 0
3001 2000 104 23300 19.6 40.3 1.28 2.3 0
3001 2000 105 23700 24.6 41.0 0.99 2.3 0
3001 2000 106 24100 24.0 41.3 1.01 2.3 0
3001 2000 107 21800 23.8 40.1 1.51 2.3 0
3001 2000 108 23000 25.0 41.8 1.38 2.3 0
3001 2000 109 24100 25.0 41.0 1.31 2.3 0
3001 2000 110 18500 24.6 41.4 1.02 2.3 0
3001 2000 111 25700 25.8 40.5 1.1 2.3 0
3001 2000 112 24700 24.8 41.4 1.04 2.3 0
3001 2000 113 25600 24.6 40.2 0.85 2.3 0
3001 2000 114 24500 20.7 39.5 0.72 2.3 0
3001 2000 115 24200 20.9 39.5 1 2.3 0
3001 2000 116 22700 21.0 38.5 1.42 2.3 0
3001 2000 117 24600 22.7 39.0 1.47 2.3 0
3001 2000 118 23800 24.6 40.4 1.43 2.3 0
3001 2000 119 24300 25.8 39.1 1.21 2.3 0
3001 2000 120 23400 23.7 37.4 1.27 2.3 0
3001 2000 121 23500 18.5 37.9 1.27 2.3 0
3001 2000 122 25400 22.0 37.7 1.23 2.3 0
3001 2000 123 25300 20.8 36.9 1.18 2.3 0
3001 2000 124 24400 20.4 36.2 1.54 2.3 0
3001 2000 125 17800 21.0 36.2 1.55 2.3 0
3001 2000 126 23300 22.1 38.3 1.61 2.3 0
3001 2000 127 25600 23.3 39.2 1.52 2.3 0
3001 2000 128 23700 23.8 39.4 1.56 2.3 0
3001 2000 129 24700 24.4 40.0 1.34 2.3 0
3001 2000 130 24300 19.4 40.4 1.21 2.3 0
3001 2000 131 23700 23.7 39.8 1.24 2.3 0
3001 2000 132 23400 23.3 39.5 1.54 2.3 0
3001 2000 133 25100 22.7 38.7 1.29 2.3 0
3001 2000 134 24400 23.5 40.0 1.25 2.3 0
3001 2000 135 23900 24.6 41.1 1.27 2.3 0
3001 2000 136 24600 24.4 41.0 1.26 2.3 0
3001 2000 137 24400 23.1 40.1 1.47 2.3 0
3001 2000 138 24500 23.5 40.8 1.5 2.3 0
3001 2000 139 25300 23.9 42.3 1.31 2.3 0
3001 2000 140 25200 27.0 42.4 1.34 2.3 0
3001 2000 141 25400 25.8 41.0 1.5 2.3 0
3001 2000 142 26000 23.1 37.8 1.71 2.3 0
3001 2000 143 26200 21.7 37.3 1.56 2.3 0
3001 2000 144 22500 23.7 38.8 1.56 2.3 0
3001 2000 145 25200 26.5 40.8 1.61 2.3 0
3001 2000 146 24100 28.1 41.2 1.49 2.3 0
3001 2000 147 25800 24.3 40.1 1.13 2.3 0
3001 2000 148 25600 23.3 39.2 1.3 2.3 0
3001 2000 149 25800 22.5 40.6 1.47 2.3 0
3001 2000 150 25900 23.8 42.2 1.43 2.3 0
3001 2000 151 25600 23.4 42.5 1.08 2.3 0
3001 2000 152 26000 22.9 42.4 0.92 2.3 0
3001 2000 153 25600 23.5 42.2 1.1 2.3 0
3001 2000 154 24500 22.4 40.6 1.85 2.3 0
3001 2000 155 24500 22.8 42.2 1.62 2.3 0
3001 2000 156 25200 20.9 40.4 1.39 2.3 0
3001 2000 157 25500 20.6 38.4 1.56 2.3 0
3001 2000 158 24900 21.6 38.4 1.53 2.3 0
3001 2000 159 24600 20.6 38.2 1.96 2.3 0
3001 2000 160 24400 21.6 38.8 1.98 2.3 0
3001 2000 161 23700 22.2 37.3 2.23 2.3 0
3001 2000 162 19200 21.2 38.0 2.26 2.3 0
3001 2000 163 23700 24.5 40.4 2.31 2.3 0
3001 2000 164 25800 23.2 40.6 2.15 2.3 0
3001 2000 165 24300 21.3 38.4 2.33 2.3 0
3001 2000 166 25300 19.8 39.8 2.19 2.3 0
3001 2000 167 24700 23.0 42.4 1.73 2.3 0
3001 2000 168 25500 23.9 41.4 1.61 2.3 0
3001 2000 169 25900 22.2 39.0 2.08 2.3 0
3001 2000 170 24200 21.8 36.2 2.33 2.3 0
3001 2000 171 26600 21.0 38.0 2.24 2.3 0
3001 2000 172 25600 21.6 40.3 2.08 2.3 0
3001 2000 173 19900 16.5 38.4 2.6 2.3 0
3001 2000 174 23900 20.2 38.7 2.6 2.3 0
3001 2000 175 25300 22.6 39.2 2.31 2.3 0
3001 2000 176 24800 23.1 38.3 2.46 2.3 0
3001 2000 177 23100 22.2 37.3 2.43 2.3 0
3001 2000 178 18100 22.9 37.6 2.17 2.3 9
3001 2000 179 22500 24.1 39.7 1.96 2.3 0
3001 2000 180 22900 24.1 40.1 1.96 2.3 0
3001 2000 181 20200 23.5 37.2 2.51 2.3 0
3001 2000 182 23100 22.2 39.8 2.12 2.3 0
3001 2000 183 25800 21.0 39.1 2.04 2.3 0
3001 2000 184 24200 23.3 37.3 2.37 2.3 0
3001 2000 185 25900 22.8 39.6 2.2 2.3 0
3001 2000 186 25700 22.9 38.4 2.41 2.3 0
3001 2000 187 24900 23.0 38.5 2.03 2.3 0
3001 2000 188 24700 22.3 37.7 2.27 2.3 8
3001 2000 189 24400 24.1 33.2 3.23 2.3 0
3001 2000 190 20200 17.8 38.1 2.68 2.3 8
3001 2000 191 24400 23.2 37.5 2.86 2.3 0
3001 2000 192 25800 20.9 37.7 2.46 2.3 0
3001 2000 193 26200 22.4 37.0 2.19 2.3 0
3001 2000 194 24200 23.5 36.8 2.17 2.3 0
3001 2000 195 25000 23.8 38.2 2.15 2.3 0
3001 2000 196 25300 25.4 41.0 2.23 2.3 0
3001 2000 197 26500 24.3 40.9 2.28 2.3 0
3001 2000 198 23200 21.4 36.6 2.54 2.3 0
3001 2000 199 23600 21.0 34.7 3.15 2.3 3
3001 2000 200 23900 23.1 35.4 3.21 2.3 11
3001 2000 201 25900 22.2 37.8 2.52 2.3 0
3001 2000 202 25500 22.1 36.8 2.55 2.3 0
3001 2000 203 24500 23.9 36.3 2.6 2.3 0
3001 2000 204 20100 25.4 36.2 2.83 2.3 10
3001 2000 205 22200 24.0 37.5 2.66 2.3 0
3001 2000 206 25100 24.9 37.9 2.6 2.3 0
3001 2000 207 22000 18.2 34.8 3.12 2.3 0
3001 2000 208 24300 20.9 34.7 3.06 2.3 12
3001 2000 209 18500 17.9 30.0 3.57 2.3 18
3001 2000 210 19600 21.2 34.4 3.19 2.3 0
3001 2000 211 25000 24.0 34.4 2.76 2.3 0
3001 2000 212 25200 23.6 36.7 2.76 2.3 0
3001 2000 213 14700 22.5 29.9 3.59 2.3 1
3001 2000 214 7800 22.2 29.3 3.53 2.3 16
3001 2000 215 27100 20.0 32.2 3.39 2.3 0
3001 2000 216 25700 18.0 33.2 3.47 2.3 0
3001 2000 217 24600 21.0 31.6 3.45 2.3 0
3001 2000 218 22400 21.2 32.0 3.49 2.3 20
3001 2000 219 23400 20.6 36.2 2.81 2.3 0
3001 2000 220 26100 21.7 38.0 2.17 2.3 0
3001 2000 221 21900 23.5 37.3 2.68 2.3 3
3001 2000 222 24600 23.8 32.7 3.39 2.3 0
3001 2000 223 24600 22.5 32.4 3.57 2.3 3
3001 2000 224 23200 20.6 34.5 3.12 2.3 14
3001 2000 225 25700 22.2 36.3 2.97 2.3 0
3001 2000 226 24900 23.4 36.0 3.02 2.3 0
3001 2000 227 18300 23.3 34.2 3.33 2.3 18
3001 2000 228 22600 22.2 35.2 3.29 2.3 0
3001 2000 229 21100 20.9 33.7 3.29 2.3 0
3001 2000 230 25000 21.9 33.1 3.41 2.3 0
3001 2000 231 18600 22.8 32.7 3.41 2.3 0
3001 2000 232 24400 17.4 35.1 3.08 2.3 0
3001 2000 233 12700 20.4 34.9 3.08 2.3 17
3001 2000 234 9900 23.6 33.0 3.29 2.3 6
3001 2000 235 14000 20.7 34.4 3.29 2.3 4
3001 2000 236 21000 22.9 36.1 3.14 2.3 0
3001 2000 237 25000 23.0 36.1 3.02 2.3 0
3001 2000 238 24800 24.0 35.2 3.12 2.3 0
3001 2000 239 19900 22.6 35.2 2.92 2.3 3
3001 2000 240 23600 24.6 36.0 2.9 2.3 0
3001 2000 241 22700 23.9 38.1 2.6 2.3 0
3001 2000 242 24100 24.1 36.5 2.99 2.3 0
3001 2000 243 17600 25.4 38.4 2.7 2.3 0
3001 2000 244 23800 24.4 38.7 2.46 2.3 0
3001 2000 245 20400 25.5 37.4 2.54 2.3 0
3001 2000 246 22900 25.3 36.6 2.97 2.3 0
3001 2000 247 24800 23.7 34.5 3.33 2.3 0
3001 2000 248 19300 23.7 39.3 2.66 2.3 17
3001 2000 249 25300 20.8 43.3 1.83 2.3 0
3001 2000 250 23000 23.3 35.8 2.99 2.3 0
3001 2000 251 24300 22.6 36.3 2.92 2.3 0
3001 2000 252 19600 23.8 38.0 2.7 2.3 0
3001 2000 253 25500 25.2 42.1 2.2 2.3 0
3001 2000 254 24000 23.1 36.6 2.58 2.3 0
3001 2000 255 21200 23.5 34.1 2.99 2.3 0
3001 2000 256 24300 24.4 36.9 2.97 2.3 0
3001 2000 257 24900 21.7 36.6 2.9 2.3 0
3001 2000 258 14700 23.0 34.7 3.02 2.3 20
3001 2000 259 22800 20.7 36.6 2.8 2.3 0
3001 2000 260 24000 23.9 39.1 2.54 2.3 0
3001 2000 261 24600 23.6 36.2 2.97 2.3 0
3001 2000 262 10300 23.6 35.9 3.02 2.3 26
3001 2000 263 20000 23.4 36.1 2.88 2.3 0
3001 2000 264 22400 22.5 37.4 2.46 2.3 0
3001 2000 265 22900 24.6 35.5 2.85 2.3 0
3001 2000 266 20700 23.9 35.2 3.06 2.3 5
3001 2000 267 15300 22.3 37.4 2.88 2.3 10
3001 2000 268 23000 23.7 40.1 1.9 2.3 0
3001 2000 269 23800 25.2 40.2 1.67 2.3 0
3001 2000 270 20900 24.5 38.5 2.46 2.3 0
3001 2000 271 5100 24.6 36.8 2.3 2.3 0
3001 2000 272 22900 25.1 39.2 2.07 2.3 0
3001 2000 273 23800 24.1 41.1 1.54 2.3 0
3001 2000 274 23500 23.5 39.9 1.78 2.3 0
3001 2000 275 22800 24.6 38.3 1.99 2.3 0
3001 2000 276 20800 22.4 31.8 3.31 2.3 0
3001 2000 277 20200 21.5 31.0 3.49 2.3 7
3001 2000 278 16400 20.8 35.8 2.75 2.3 0
3001 2000 279 23600 22.2 37.6 2.16 2.3 8
3001 2000 280 24300 21.3 36.9 2.03 2.3 0
3001 2000 281 21000 20.3 37.7 1.31 2.3 0
3001 2000 282 21200 21.0 38.3 1.44 2.3 0
3001 2000 283 23300 22.2 38.8 1.76 2.3 0
3001 2000 284 22100 22.4 40.7 1.7 2.3 0
3001 2000 285 19200 24.2 41.1 1.31 2.3 0
3001 2000 286 22200 22.6 35.3 2.6 2.3 6
3001 2000 287 7200 22.4 32.3 3.19 2.3 0
3001 2000 288 9400 22.9 32.2 3.19 2.3 0
3001 2000 289 13400 21.4 32.8 3.04 2.3 0
3001 2000 290 6000 21.6 30.7 3.29 2.3 8
3001 2000 291 12800 20.9 32.1 3.21 2.3 1
3001 2000 292 6300 19.6 36.7 2.3 2.3 20
3001 2000 293 16300 22.6 36.7 2.01 2.3 0
3001 2000 294 16000 21.8 37.3 1.45 2.3 0
3001 2000 295 20200 20.0 36.6 1.16 2.3 0
3001 2000 296 20200 19.5 35.8 0.97 2.3 0
3001 2000 297 20200 19.8 34.8 1.29 2.3 0
3001 2000 298 17900 18.4 34.7 1.24 2.3 0
3001 2000 299 19500 18.7 35.3 1.45 2.3 0
3001 2000 300 12400 22.3 38.3 1.53 2.3 0
3001 2000 301 19000 21.6 39.3 1.53 2.3 0
3001 2000 302 16700 24.0 38.8 1.42 2.3 0
3001 2000 303 16600 22.2 38.7 1.49 2.3 0
3001 2000 304 17600 21.9 37.8 1.61 2.3 0
3001 2000 305 16900 22.6 37.8 1.57 2.3 0
3001 2000 306 18500 22.3 37.7 1.56 2.3 0
3001 2000 307 18700 22.0 36.6 1.46 2.3 0
3001 2000 308 19300 21.6 35.5 1.35 2.3 0
3001 2000 309 17700 18.3 37.4 1.16 2.3 0
3001 2000 310 16000 19.4 39.3 1.01 2.3 0
3001 2000 311 18800 19.5 38.9 0.89 2.3 0
3001 2000 312 18400 20.5 37.3 1.16 2.3 0
3001 2000 313 17700 20.7 37.0 1.21 2.3 0
3001 2000 314 18200 20.4 35.8 1.4 2.3 0
3001 2000 315 19500 20.9 34.8 1.74 2.3 0
3001 2000 316 18200 21.1 35.5 1.61 2.3 0
3001 2000 317 16600 18.5 34.1 1.82 2.3 0
3001 2000 318 16300 19.3 32.2 2.2 2.3 0
3001 2000 319 17900 18.7 34.9 2.12 2.3 0
3001 2000 320 18100 20.2 35.8 1.76 2.3 0
3001 2000 321 16100 24.1 35.9 1.81 2.3 0
3001 2000 322 14800 24.9 36.6 1.61 2.3 0
3001 2000 323 16700 23.0 36.1 1.42 2.3 0
3001 2000 324 16900 20.8 35.1 1.36 2.3 0
3001 2000 325 17100 20.1 35.1 1.39 2.3 0
3001 2000 326 12500 18.5 35.4 1.27 2.3 0
3001 2000 327 15000 16.9 33.6 0.89 2.3 0
3001 2000 328 16400 17.4 33.6 0.71 2.3 0
3001 2000 329 16200 18.0 33.5 0.7 2.3 0
3001 2000 330 13300 17.2 33.6 0.76 2.3 0
3001 2000 331 16200 17.6 34.2 0.73 2.3 0
3001 2000 332 15300 16.5 36.0 0.87 2.3 0
3001 2000 333 16100 17.5 36.5 0.93 2.3 0
3001 2000 334 16900 15.7 37.1 0.87 2.3 0
3001 2000 335 15700 18.2 36.1 0.92 2.3 0
3001 2000 336 18100 13.8 34.7 0.76 2.3 0
3001 2000 337 16500 16.1 35.6 0.63 2.3 0
3001 2000 338 15900 16.8 34.9 0.7 2.3 0
3001 2000 339 16600 15.8 35.4 0.76 2.3 0
3001 2000 340 18000 17.1 35.1 0.88 2.3 0
3001 2000 341 17900 14.8 35.2 0.86 2.3 0
3001 2000 342 17300 15.6 35.1 0.87 2.3 0
3001 2000 343 17500 16.5 35.3 0.93 2.3 0
3001 2000 344 17100 17.4 35.1 0.85 2.3 0
3001 2000 345 16200 18.2 34.6 0.82 2.3 0
3001 2000 346 16200 17.7 33.6 0.93 2.3 0
3001 2000 347 16400 17.9 33.6 0.94 2.3 0
3001 2000 348 16200 15.8 33.6 0.85 2.3 0
3001 2000 349 15500 16.1 33.7 0.88 2.3 0
3001 2000 350 15600 16.7 33.6 0.94 2.3 0
3001 2000 351 13900 15.0 33.5 0.95 2.3 0
3001 2000 352 16200 16.2 32.9 0.99 2.3 0
3001 2000 353 16200 15.8 33.3 0.98 2.3 0
3001 2000 354 14800 16.1 33.6 0.88 2.3 0
3001 2000 355 16600 16.4 32.2 1 2.3 0
3001 2000 356 16100 14.1 31.4 0.97 2.3 0
3001 2000 357 15900 13.7 31.5 0.91 2.3 0
3001 2000 358 16400 12.2 30.6 0.8 2.3 0
3001 2000 359 16600 14.3 32.0 0.82 2.3 0
3001 2000 360 13700 13.5 33.0 0.93 2.3 0
3001 2000 361 15200 13.3 33.5 0.79 2.3 0
3001 2000 362 16300 13.7 33.2 0.79 2.3 0
3001 2000 363 15800 15.9 32.5 1.1 2.3 0
3001 2000 364 16800 14.8 31.5 1.06 2.3 0
3001 2000 365 15500 14.3 32.5 0.99 2.3 0
3001 2000 366 15600 14.8 32.7 1.03 2.3 0
