*---------------------------------------------------------*
*   Country: Senegal
*   Station: SEN_HUB_fanaye
*   Station #: 3001
*   Year: 2005
*   Source: AfricaRice; historical observed data (1991-1999,2006-2011, 2013,2014)
*   Author: Pepijn van Oort (AfricaRice). Original Script by Justin van Wart (University Nebraska)
*   Longitude: -14.80 (decimal degrees East)
*   Latitude: 16.53 (decimal degrees North)
*   Elevation: 11 m.
*
*  Columns:
*  ========
*  1 station number
*  2 year
*  3 day
*  4 irradiation (kJ m-2 d-1)
*  5 minimum temperature (degrees Celsius)
*  6 maximum temperature (degrees Celsius)
*  7 actual vapour pressure (kPa)   
*  8 mean wind speed (m s-1)
*  9 precipitation (mm d-1)
*
** WCCDESCRIPTION=Senegal, SEN_HUB_fanaye
** WCCFORMAT=2
** WCCYEARNR= 2005
*
* COMMENT - START
*   Filename: SEN3001.005
*   Source file: SEN_HUBHIST_Fanaye.xlsx; sheet: GYGAReady_public_propagation
*   Source file contains station data (black) and propagated data (red).
*   When station data are available these are filled in in the current file.
*   When station data are not available the method uses NASA data from the POWER database.
*   Tmin, Tmax and Tdew from the POWER database are corrected for bias based on empirical regression between POWER data and available station data.
* COMMENT - END
*---------------------------------------------------------*
-14.80  16.53  11  0  0
3001 2005 001 17700 18.5 30.6 0.73 2.3 0
3001 2005 002 17600 15.3 29.8 0.74 2.3 0
3001 2005 003 18000 15.1 30.3 0.56 2.3 0
3001 2005 004 12000 14.9 29.7 0.54 2.3 0
3001 2005 005 18900 14.8 30.9 0.75 2.3 0
3001 2005 006 18300 17.5 31.4 1.05 2.3 0
3001 2005 007 4900 17.5 30.9 1.2 2.3 0
3001 2005 008 17500 17.1 33.2 1.29 2.3 0
3001 2005 009 18400 17.1 32.3 0.98 2.3 0
3001 2005 010 17000 20.8 32.9 0.82 2.3 0
3001 2005 011 9600 19.7 31.4 0.9 2.3 0
3001 2005 012 18600 17.2 32.1 0.74 2.3 0
3001 2005 013 15000 14.5 31.7 0.8 2.3 0
3001 2005 014 18400 15.4 31.6 0.83 2.3 0
3001 2005 015 19200 14.6 32.5 0.83 2.3 0
3001 2005 016 15600 17.1 32.8 0.94 2.3 0
3001 2005 017 6900 17.4 35.1 1.15 2.3 0
3001 2005 018 11400 21.9 35.4 1.16 2.3 0
3001 2005 019 15800 21.1 34.6 1.12 2.3 0
3001 2005 020 10400 20.8 34.5 0.73 2.3 0
3001 2005 021 19800 19.1 34.0 0.56 2.3 0
3001 2005 022 19500 17.9 32.7 0.67 2.3 0
3001 2005 023 19400 15.0 32.5 0.88 2.3 0
3001 2005 024 19400 15.8 33.2 1.04 2.3 0
3001 2005 025 18900 15.5 33.2 0.97 2.3 0
3001 2005 026 19800 14.4 31.9 0.85 2.3 0
3001 2005 027 19900 12.7 32.0 0.83 2.3 0
3001 2005 028 20200 13.2 31.1 1.13 2.3 0
3001 2005 029 20200 14.5 31.2 1.27 2.3 0
3001 2005 030 19900 15.4 33.0 0.89 2.3 0
3001 2005 031 19300 14.5 32.1 1.07 2.3 0
3001 2005 032 18600 14.1 32.3 0.97 2.3 0
3001 2005 033 19100 15.7 33.2 0.83 2.3 0
3001 2005 034 18100 18.0 32.4 0.79 2.3 0
3001 2005 035 18900 15.7 31.9 0.74 2.3 0
3001 2005 036 19400 14.3 30.8 0.61 2.3 0
3001 2005 037 19400 12.8 30.3 0.64 2.3 0
3001 2005 038 19400 11.8 29.9 0.68 2.3 0
3001 2005 039 19400 11.0 28.8 0.88 2.3 0
3001 2005 040 19900 10.6 29.4 0.85 2.3 0
3001 2005 041 19700 11.5 31.2 0.84 2.3 0
3001 2005 042 18600 12.8 34.0 1.01 2.3 0
3001 2005 043 11900 18.9 36.9 1.34 2.3 2
3001 2005 044 10800 20.5 32.8 1.66 2.3 3
3001 2005 045 10400 19.9 31.4 1.77 2.3 2
3001 2005 046 19700 18.7 34.7 1.64 2.3 0
3001 2005 047 20100 18.2 34.9 1.5 2.3 0
3001 2005 048 19800 18.7 34.4 1.27 2.3 0
3001 2005 049 22400 17.9 32.4 1.25 2.3 0
3001 2005 050 18900 15.2 31.8 1.37 2.3 0
3001 2005 051 8400 20.1 31.0 1.49 2.3 0
3001 2005 052 19500 18.4 33.1 1.61 2.3 0
3001 2005 053 17700 17.7 34.0 1.66 2.3 0
3001 2005 054 12500 21.5 35.4 1.67 2.3 0
3001 2005 055 20300 21.1 33.0 1.25 2.3 0
3001 2005 056 16800 15.7 32.2 1.17 2.3 0
3001 2005 057 17400 16.4 35.1 1.24 2.3 0
3001 2005 058 15900 20.1 36.3 0.77 2.3 0
3001 2005 059 14200 18.9 33.2 1.28 2.3 0
3001 2005 060 19200 19.4 33.2 1.8 2.3 0
3001 2005 061 19200 18.6 34.0 1.71 2.3 0
3001 2005 062 20700 20.8 34.3 1.96 2.3 0
3001 2005 063 24000 19.9 34.3 2.03 2.3 0
3001 2005 064 19900 19.3 33.5 1.82 2.3 0
3001 2005 065 23100 18.5 34.2 1.42 2.3 0
3001 2005 066 23400 18.6 35.4 1.17 2.3 0
3001 2005 067 24000 18.6 35.4 1.07 2.3 0
3001 2005 068 24300 19.7 37.7 0.77 2.3 0
3001 2005 069 23800 19.4 37.2 0.83 2.3 0
3001 2005 070 24400 20.6 37.3 0.77 2.3 0
3001 2005 071 24700 18.3 36.9 0.7 2.3 0
3001 2005 072 24200 17.9 36.7 0.89 2.3 0
3001 2005 073 25800 17.7 36.2 1.07 2.3 0
3001 2005 074 26100 17.8 37.2 1.16 2.3 0
3001 2005 075 26400 18.6 37.2 1.17 2.3 0
3001 2005 076 26400 19.7 38.8 1.04 2.3 0
3001 2005 077 26600 18.1 38.5 0.89 2.3 0
3001 2005 078 25900 18.3 38.8 0.84 2.3 0
3001 2005 079 25400 20.2 37.8 0.92 2.3 0
3001 2005 080 25600 18.6 37.6 0.87 2.3 0
3001 2005 081 25700 17.4 37.6 0.93 2.3 0
3001 2005 082 26400 17.9 38.1 0.84 2.3 0
3001 2005 083 26200 17.4 38.1 0.82 2.3 0
3001 2005 084 25900 18.1 38.3 0.97 2.3 0
3001 2005 085 26500 17.8 39.0 0.79 2.3 0
3001 2005 086 25600 18.1 40.1 0.56 2.3 0
3001 2005 087 26400 18.6 40.4 0.62 2.3 0
3001 2005 088 24700 20.9 41.0 0.81 2.3 0
3001 2005 089 25200 21.2 40.9 0.76 2.3 0
3001 2005 090 23700 20.0 41.1 0.39 2.3 0
3001 2005 091 24500 17.8 39.9 0.4 2.3 0
3001 2005 092 26500 18.0 39.5 0.65 2.3 0
3001 2005 093 25900 19.2 38.8 0.97 2.3 0
3001 2005 094 25500 20.8 39.2 1.08 2.3 0
3001 2005 095 25600 21.6 39.8 1.08 2.3 0
3001 2005 096 25800 21.5 40.3 1.04 2.3 0
3001 2005 097 24800 23.4 40.7 1.04 2.3 0
3001 2005 098 25900 24.6 40.4 1.28 2.3 0
3001 2005 099 25600 23.4 39.3 1.22 2.3 0
3001 2005 100 25900 21.4 38.0 1.13 2.3 0
3001 2005 101 25700 19.9 39.1 0.82 2.3 0
3001 2005 102 26300 22.2 40.3 0.73 2.3 0
3001 2005 103 26100 20.4 39.4 0.79 2.3 0
3001 2005 104 25500 21.7 37.1 1.39 2.3 0
3001 2005 105 24700 21.5 36.7 1.05 2.3 0
3001 2005 106 26400 22.0 35.7 0.87 2.3 0
3001 2005 107 26500 18.2 34.3 0.97 2.3 0
3001 2005 108 27300 17.9 35.5 0.99 2.3 0
3001 2005 109 22500 17.6 37.5 0.77 2.3 0
3001 2005 110 20900 18.8 38.7 0.79 2.3 0
3001 2005 111 18700 20.5 38.4 0.94 2.3 0
3001 2005 112 27200 22.3 38.4 0.97 2.3 0
3001 2005 113 24900 20.4 38.8 1.09 2.3 0
3001 2005 114 24600 21.0 39.1 1.24 2.3 0
3001 2005 115 24800 21.2 39.0 1.24 2.3 0
3001 2005 116 24800 24.1 40.3 1.4 2.3 0
3001 2005 117 23400 25.5 41.1 1.38 2.3 0
3001 2005 118 23500 27.0 42.7 1.49 2.3 0
3001 2005 119 23300 28.5 43.9 1.39 2.3 0
3001 2005 120 23900 28.8 43.0 1.35 2.3 0
3001 2005 121 26100 23.3 40.9 1.2 2.3 0
3001 2005 122 26400 24.6 40.3 1.26 2.3 0
3001 2005 123 26800 22.3 38.8 1.25 2.3 0
3001 2005 124 26100 21.2 39.9 1.24 2.3 0
3001 2005 125 26200 23.5 41.8 1.15 2.3 0
3001 2005 126 26000 24.3 41.8 1.02 2.3 0
3001 2005 127 25700 24.1 42.6 1.36 2.3 0
3001 2005 128 24400 24.6 40.5 1.78 2.3 0
3001 2005 129 24900 25.1 41.4 2.24 2.3 0
3001 2005 130 25500 27.0 42.1 2.03 2.3 0
3001 2005 131 24100 27.5 41.8 1.8 2.3 0
3001 2005 132 13600 27.9 40.5 1.72 2.3 0
3001 2005 133 25200 28.3 40.3 1.91 2.3 0
3001 2005 134 25600 26.4 42.1 1.93 2.3 0
3001 2005 135 25700 29.4 44.0 1.37 2.3 0
3001 2005 136 24700 24.2 39.5 1.36 2.3 0
3001 2005 137 26400 25.0 40.8 1.54 2.3 0
3001 2005 138 27300 26.2 41.8 1.42 2.3 0
3001 2005 139 26200 24.9 41.4 1.71 2.3 0
3001 2005 140 26300 26.9 43.6 1.57 2.3 0
3001 2005 141 24500 25.5 43.0 1.23 2.3 0
3001 2005 142 23900 24.7 43.4 1.36 2.3 0
3001 2005 143 21700 25.7 42.2 1.48 2.3 0
3001 2005 144 16800 25.5 42.2 1.5 2.3 0
3001 2005 145 17900 26.8 42.1 1.36 2.3 0
3001 2005 146 25900 24.6 41.8 1.36 2.3 0
3001 2005 147 25200 27.0 41.8 1.59 2.3 0
3001 2005 148 25600 25.3 40.9 1.65 2.3 0
3001 2005 149 25200 25.1 40.9 1.61 2.3 0
3001 2005 150 26000 26.7 40.8 1.52 2.3 0
3001 2005 151 26000 25.3 39.8 1.3 2.3 0
3001 2005 152 26500 23.6 40.3 1.04 2.3 0
3001 2005 153 26000 23.1 41.0 0.88 2.3 0
3001 2005 154 26700 24.0 41.0 1.25 2.3 0
3001 2005 155 17500 23.7 40.4 1.83 2.3 0
3001 2005 156 23600 25.0 39.2 2.26 2.3 0
3001 2005 157 20200 26.5 38.1 2.27 2.3 0
3001 2005 158 24800 26.0 39.2 2.36 2.3 0
3001 2005 159 26000 27.2 42.1 2.2 2.3 0
3001 2005 160 25400 28.0 44.7 1.84 2.3 0
3001 2005 161 25700 24.8 40.7 1.93 2.3 0
3001 2005 162 25500 25.5 39.4 1.96 2.3 0
3001 2005 163 26100 27.0 40.3 1.66 2.3 0
3001 2005 164 26200 25.8 40.3 1.71 2.3 0
3001 2005 165 22800 27.3 41.8 1.58 2.3 0
3001 2005 166 15500 26.6 41.0 2.08 2.3 0
3001 2005 167 25800 25.8 35.0 3.29 2.3 0
3001 2005 168 24300 24.3 40.2 2.44 2.3 0
3001 2005 169 24800 25.8 41.6 1.61 2.3 0
3001 2005 170 24400 27.7 41.4 1.42 2.3 0
3001 2005 171 25000 23.6 39.3 1.61 2.3 0
3001 2005 172 25600 23.6 39.3 1.98 2.3 0
3001 2005 173 24900 22.0 39.2 1.9 2.3 0
3001 2005 174 24900 24.0 40.7 1.87 2.3 0
3001 2005 175 24700 26.6 40.7 1.75 2.3 0
3001 2005 176 22600 25.6 41.1 1.9 2.3 0
3001 2005 177 26000 23.4 38.9 2.52 2.3 0
3001 2005 178 24600 24.9 38.7 2.66 2.3 0
3001 2005 179 23900 24.9 38.9 2.44 2.3 10
3001 2005 180 25200 25.4 39.7 1.99 2.3 0
3001 2005 181 26000 24.6 37.9 2.78 2.3 0
3001 2005 182 22900 23.0 39.9 2.3 2.3 0
3001 2005 183 26900 24.4 42.4 1.73 2.3 0
3001 2005 184 24000 24.1 36.6 2.65 2.3 0
3001 2005 185 26900 23.5 36.2 2.9 2.3 7
3001 2005 186 26100 24.8 36.2 3.01 2.3 0
3001 2005 187 25700 26.4 39.1 2.36 2.3 0
3001 2005 188 26500 24.5 38.6 2.05 2.3 0
3001 2005 189 26400 22.9 35.9 2.38 2.3 0
3001 2005 190 26200 23.5 38.2 2.05 2.3 0
3001 2005 191 23400 23.8 39.5 1.99 2.3 0
3001 2005 192 22900 25.5 36.7 2.8 2.3 16
3001 2005 193 21700 25.2 35.2 3.21 2.3 2
3001 2005 194 18600 23.1 37.5 2.86 2.3 5
3001 2005 195 26000 24.9 37.6 2.55 2.3 0
3001 2005 196 14800 25.3 36.2 2.81 2.3 0
3001 2005 197 24800 24.8 35.8 2.83 2.3 0
3001 2005 198 25200 25.8 37.0 2.66 2.3 0
3001 2005 199 26600 25.2 41.8 2.36 2.3 0
3001 2005 200 22700 25.3 38.1 2.86 2.3 0
3001 2005 201 8100 25.1 35.1 2.95 2.3 9
3001 2005 202 25500 25.0 38.9 2.52 2.3 0
3001 2005 203 23500 25.3 37.1 3.01 2.3 32
3001 2005 204 25200 25.2 39.5 2.63 2.3 0
3001 2005 205 15300 25.4 37.3 3.01 2.3 0
3001 2005 206 15100 25.1 38.4 2.81 2.3 17
3001 2005 207 24100 25.9 41.6 2.08 2.3 0
3001 2005 208 25400 25.1 39.0 2.38 2.3 0
3001 2005 209 25700 25.4 39.2 2.51 2.3 0
3001 2005 210 26300 24.4 43.6 1.96 2.3 0
3001 2005 211 27000 27.0 43.3 1.85 2.3 0
3001 2005 212 25300 26.5 38.1 2.8 2.3 0
3001 2005 213 18600 23.9 34.2 3.53 2.3 3
3001 2005 214 22600 22.9 31.8 3.64 2.3 0
3001 2005 215 25800 21.1 34.8 2.92 2.3 0
3001 2005 216 25600 24.4 36.9 2.68 2.3 0
3001 2005 217 25600 25.2 38.5 2.4 2.3 0
3001 2005 218 15200 25.9 38.4 2.51 2.3 0
3001 2005 219 25800 25.8 37.8 2.49 2.3 0
3001 2005 220 26000 23.4 37.3 2.41 2.3 0
3001 2005 221 25200 25.0 37.5 2.46 2.3 0
3001 2005 222 24900 25.6 37.6 2.75 2.3 0
3001 2005 223 19600 24.1 34.8 3.14 2.3 18
3001 2005 224 21100 24.0 35.9 3.01 2.3 3
3001 2005 225 23100 24.9 36.4 2.81 2.3 0
3001 2005 226 24800 25.6 38.3 2.73 2.3 0
3001 2005 227 24300 24.9 36.6 2.88 2.3 4
3001 2005 228 11600 24.1 31.4 3.49 2.3 38
3001 2005 229 18300 23.2 30.3 3.7 2.3 0
3001 2005 230 23100 22.2 31.4 3.66 2.3 10
3001 2005 231 23200 21.9 31.2 3.7 2.3 28
3001 2005 232 21700 21.8 31.2 3.74 2.3 2
3001 2005 233 13900 21.6 30.3 3.66 2.3 5
3001 2005 234 13600 21.6 30.9 3.61 2.3 0
3001 2005 235 23800 21.7 32.1 3.47 2.3 0
3001 2005 236 25200 22.0 34.7 3.29 2.3 0
3001 2005 237 22100 24.5 36.0 3.19 2.3 0
3001 2005 238 23800 22.5 35.0 3.21 2.3 0
3001 2005 239 16900 24.1 36.8 3.12 2.3 0
3001 2005 240 23700 24.1 36.0 3.02 2.3 0
3001 2005 241 15000 24.6 35.4 3.31 2.3 10
3001 2005 242 22900 23.0 36.4 3.21 2.3 0
3001 2005 243 21000 23.4 33.8 3.41 2.3 4
3001 2005 244 15100 22.2 34.6 3.17 2.3 27
3001 2005 245 23200 23.3 32.1 3.57 2.3 0
3001 2005 246 18500 21.2 31.5 3.66 2.3 0
3001 2005 247 19100 20.8 31.5 3.64 2.3 4
3001 2005 248 19200 21.7 34.2 3.21 2.3 3
3001 2005 249 22900 23.9 39.1 2.73 2.3 0
3001 2005 250 23500 23.4 39.2 2.46 2.3 0
3001 2005 251 12700 23.9 31.1 3.66 2.3 0
3001 2005 252 23000 22.2 30.9 3.66 2.3 0
3001 2005 253 15400 22.5 32.1 3.47 2.3 13
3001 2005 254 21200 21.9 38.1 2.86 2.3 0
3001 2005 255 22900 24.4 41.5 2.27 2.3 0
3001 2005 256 22000 25.7 37.7 2.81 2.3 16
3001 2005 257 20100 24.4 36.6 2.92 2.3 0
3001 2005 258 21700 24.6 36.5 2.71 2.3 0
3001 2005 259 21500 25.5 39.7 2.15 2.3 0
3001 2005 260 21400 25.9 40.6 2.15 2.3 0
3001 2005 261 21600 25.0 36.3 3.04 2.3 0
3001 2005 262 16700 24.8 39.2 2.38 2.3 8
3001 2005 263 21200 26.1 42.9 1.55 2.3 0
3001 2005 264 21000 27.0 41.0 1.93 2.3 0
3001 2005 265 17900 25.9 35.9 3.29 2.3 1
3001 2005 266 21800 24.2 37.4 2.88 2.3 0
3001 2005 267 21200 24.5 39.3 2.38 2.3 0
3001 2005 268 19900 25.4 39.5 2.17 2.3 0
3001 2005 269 20000 23.8 40.0 1.81 2.3 0
3001 2005 270 13400 24.0 34.0 3.04 2.3 1
3001 2005 271 18400 23.7 33.1 3.19 2.3 9
3001 2005 272 18400 22.8 32.1 3.39 2.3 4
3001 2005 273 22600 22.8 31.8 3.53 2.3 0
3001 2005 274 19200 22.8 39.3 2.6 2.3 0
3001 2005 275 22400 23.2 39.4 1.85 2.3 0
3001 2005 276 22000 23.3 39.2 1.83 2.3 0
3001 2005 277 24500 24.6 39.3 1.72 2.3 0
3001 2005 278 22400 24.4 39.8 1.94 2.3 0
3001 2005 279 21500 24.9 35.9 2.7 2.3 0
3001 2005 280 19500 23.7 33.5 3.25 2.3 0
3001 2005 281 21600 22.2 34.6 3.21 2.3 0
3001 2005 282 21000 22.8 37.7 2.8 2.3 0
3001 2005 283 11900 24.5 39.2 2.28 2.3 0
3001 2005 284 19500 24.4 40.5 1.63 2.3 0
3001 2005 285 21300 24.1 38.1 2.17 2.3 0
3001 2005 286 16000 26.4 38.8 2.33 2.3 0
3001 2005 287 18300 24.1 40.2 1.88 2.3 0
3001 2005 288 17400 27.2 39.3 1.94 2.3 0
3001 2005 289 19100 27.1 39.9 1.66 2.3 0
3001 2005 290 18700 24.8 39.5 1.49 2.3 0
3001 2005 291 17900 25.5 40.2 1.55 2.3 0
3001 2005 292 19000 24.9 39.7 1.64 2.3 0
3001 2005 293 14500 24.2 37.5 2.01 2.3 0
3001 2005 294 18400 24.7 39.5 1.85 2.3 0
3001 2005 295 16900 24.8 41.2 1.39 2.3 0
3001 2005 296 18900 23.1 39.7 1.66 2.3 9
3001 2005 297 11200 25.5 38.4 2.03 2.3 0
3001 2005 298 17200 25.6 38.4 1.76 2.3 0
3001 2005 299 16600 22.9 39.5 1.5 2.3 0
3001 2005 300 15600 22.3 38.9 1.28 2.3 0
3001 2005 301 16600 21.9 39.4 1.29 2.3 0
3001 2005 302 16600 21.9 38.5 1.02 2.3 0
3001 2005 303 16800 20.3 38.0 0.99 2.3 0
3001 2005 304 16200 21.8 38.8 1.02 2.3 0
3001 2005 305 18000 20.9 38.9 0.96 2.3 0
3001 2005 306 18200 19.8 38.1 1.2 2.3 0
3001 2005 307 19500 20.4 39.0 1.18 2.3 0
3001 2005 308 18800 20.7 37.8 1.05 2.3 0
3001 2005 309 17500 20.3 36.8 1.13 2.3 0
3001 2005 310 17600 19.8 36.9 1.15 2.3 0
3001 2005 311 18000 19.3 38.1 1.1 2.3 0
3001 2005 312 17300 22.5 38.6 1.18 2.3 0
3001 2005 313 16500 21.7 37.0 0.96 2.3 0
3001 2005 314 17600 20.3 36.8 1.07 2.3 0
3001 2005 315 18700 21.1 36.8 1.04 2.3 0
3001 2005 316 15700 21.3 38.1 1.07 2.3 0
3001 2005 317 4600 23.1 35.7 1.3 2.3 0
3001 2005 318 8500 23.7 33.5 1.66 2.3 0
3001 2005 319 7700 20.5 32.9 1.72 2.3 0
3001 2005 320 18900 21.1 35.1 1.48 2.3 0
3001 2005 321 18800 19.8 35.6 1.26 2.3 0
3001 2005 322 18000 21.0 35.8 1.38 2.3 0
3001 2005 323 16700 20.6 35.5 1.32 2.3 0
3001 2005 324 17100 21.4 35.5 1.57 2.3 0
3001 2005 325 19100 21.9 36.2 1.47 2.3 0
3001 2005 326 19100 21.1 36.7 1.85 2.3 0
3001 2005 327 19400 24.6 36.9 1.96 2.3 0
3001 2005 328 18300 23.2 36.5 1.96 2.3 0
3001 2005 329 14700 23.9 35.8 1.82 2.3 0
3001 2005 330 14500 21.3 34.6 1.61 2.3 0
3001 2005 331 13500 21.0 34.7 1.49 2.3 0
3001 2005 332 15900 21.0 35.8 1.31 2.3 0
3001 2005 333 15600 21.4 34.7 1.83 2.3 0
3001 2005 334 16900 21.7 31.8 1.98 2.3 0
3001 2005 335 14500 18.4 31.2 1.3 2.3 0
3001 2005 336 17900 17.1 33.1 1.04 2.3 0
3001 2005 337 19200 18.6 35.1 1.13 2.3 0
3001 2005 338 17400 19.6 36.0 1.22 2.3 0
3001 2005 339 17700 19.7 36.1 1.27 2.3 0
3001 2005 340 19200 19.7 34.6 1.36 2.3 0
3001 2005 341 16000 18.6 34.7 1.35 2.3 0
3001 2005 342 15200 18.1 34.9 1.31 2.3 0
3001 2005 343 13200 18.9 35.8 1.39 2.3 0
3001 2005 344 14600 22.6 35.0 1.57 2.3 0
3001 2005 345 14400 19.4 34.7 1.64 2.3 0
3001 2005 346 14800 20.9 35.3 1.63 2.3 0
3001 2005 347 17800 23.3 36.6 1.4 2.3 0
3001 2005 348 10400 20.9 35.7 1.41 2.3 0
3001 2005 349 14700 23.1 35.5 1.45 2.3 0
3001 2005 350 18600 21.3 37.3 1.42 2.3 0
3001 2005 351 15200 22.3 37.1 1.45 2.3 0
3001 2005 352 13900 22.9 37.7 1.39 2.3 0
3001 2005 353 15400 23.1 37.3 1.44 2.3 0
3001 2005 354 14200 22.9 35.8 1.56 2.3 0
3001 2005 355 16300 21.1 35.8 1.4 2.3 0
3001 2005 356 9200 23.0 35.1 1.3 2.3 0
3001 2005 357 7100 23.1 34.9 1.3 2.3 0
3001 2005 358 10400 22.9 36.0 1.36 2.3 0
3001 2005 359 14800 22.3 35.5 1.21 2.3 0
3001 2005 360 13600 22.3 36.5 1.16 2.3 0
3001 2005 361 15700 22.9 36.2 1.26 2.3 0
3001 2005 362 14400 22.0 36.1 1.22 2.3 0
3001 2005 363 14200 21.8 32.9 1.43 2.3 0
3001 2005 364 13900 16.4 29.7 1.01 2.3 0
3001 2005 365 15200 15.3 30.6 0.81 2.3 0
