*---------------------------------------------------------*
*   Country: Senegal
*   Station: SEN_HUB_fanaye
*   Station #: 3001
*   Year: 2010
*   Source: AfricaRice; historical observed data (1991-1999,2006-2011, 2013,2014)
*   Author: Pepijn van Oort (AfricaRice). Original Script by Justin van Wart (University Nebraska)
*   Longitude: -14.80 (decimal degrees East)
*   Latitude: 16.53 (decimal degrees North)
*   Elevation: 11 m.
*
*  Columns:
*  ========
*  1 station number
*  2 year
*  3 day
*  4 irradiation (kJ m-2 d-1)
*  5 minimum temperature (degrees Celsius)
*  6 maximum temperature (degrees Celsius)
*  7 actual vapour pressure (kPa)   
*  8 mean wind speed (m s-1)
*  9 precipitation (mm d-1)
*
** WCCDESCRIPTION=Senegal, SEN_HUB_fanaye
** WCCFORMAT=2
** WCCYEARNR= 2010
*
* COMMENT - START
*   Filename: SEN3001.010
*   Source file: SEN_HUBHIST_Fanaye.xlsx; sheet: GYGAReady_public_propagation
*   Source file contains station data (black) and propagated data (red).
*   When station data are available these are filled in in the current file.
*   When station data are not available the method uses NASA data from the POWER database.
*   Tmin, Tmax and Tdew from the POWER database are corrected for bias based on empirical regression between POWER data and available station data.
* COMMENT - END
*---------------------------------------------------------*
-14.80  16.53  11  0  0
3001 2010 001 18500 13.6 36.7 0.61 1.0 0
3001 2010 002 18600 13.6 36.3 1 1.4 0
3001 2010 003 16300 11.9 34.5 0.61 1.0 0
3001 2010 004 14400 16.4 33.2 0.81 1.0 0
3001 2010 005 18800 14.1 34.7 0.53 1.6 0
3001 2010 006 18900 12.4 34.3 0.57 2.4 0
3001 2010 007 16100 11.3 32.7 0.76 1.2 0
3001 2010 008 16300 12.1 32.3 0.81 1.2 0
3001 2010 009 17000 12.9 30.7 0.94 2.0 0
3001 2010 010 18200 14.7 30.3 0.94 1.6 0
3001 2010 011 17900 17.1 31.0 0.76 1.8 0
3001 2010 012 17400 13.0 31.8 0.57 2.6 0
3001 2010 013 19100 12.3 32.7 0.66 2.6 0
3001 2010 014 20500 11.0 33.8 0.57 1.6 0
3001 2010 015 21300 9.6 34.5 0.53 1.2 0
3001 2010 016 21100 10.1 36.0 0.71 1.6 0
3001 2010 017 20000 11.8 35.0 0.61 1.8 0
3001 2010 018 20400 11.1 33.0 0.45 2.0 0
3001 2010 019 18200 12.3 33.0 0.45 1.8 0
3001 2010 020 18800 12.0 33.4 0.45 1.4 0
3001 2010 021 16300 9.6 33.7 0.42 1.6 0
3001 2010 022 15700 10.5 34.2 0.61 1.6 0
3001 2010 023 19400 10.0 34.7 0.49 1.4 0
3001 2010 024 19100 14.5 33.6 0.45 2.2 0
3001 2010 025 21200 11.7 31.8 0.76 2.2 0
3001 2010 026 21000 8.2 31.2 0.53 0.8 0
3001 2010 027 19800 8.5 31.3 0.57 0.4 0
3001 2010 028 20200 7.9 32.5 0.71 0.8 0
3001 2010 029 18300 13.0 33.1 0.76 1.6 0
3001 2010 030 15400 13.9 34.9 0.71 0.8 0
3001 2010 031 16200 19.1 36.0 1 1.2 0
3001 2010 032 14800 19.0 34.4 1.4 1.8 0
3001 2010 033 13700 16.5 35.5 0.87 1.0 0
3001 2010 034 18700 16.7 36.6 1.31 2.3 0
3001 2010 035 20100 16.1 37.9 1.15 0.4 0
3001 2010 036 20300 15.5 39.8 0.71 1.8 0
3001 2010 037 19900 17.1 38.2 0.76 2.0 0
3001 2010 038 13700 17.2 33.0 0.71 2.8 0
3001 2010 039 21300 12.5 35.3 0.66 1.4 0
3001 2010 040 20900 12.4 35.5 0.61 0.4 0
3001 2010 041 20900 12.5 36.1 0.94 0.4 0
3001 2010 042 23600 12.6 35.0 0.76 0.4 0
3001 2010 043 23800 12.1 34.0 1.07 0.8 0
3001 2010 044 21200 15.7 30.8 1.71 1.6 0
3001 2010 045 19200 13.0 29.8 1.4 1.8 0
3001 2010 046 18400 13.3 29.3 1.4 1.2 0
3001 2010 047 23900 16.2 30.2 1.71 1.6 0
3001 2010 048 24600 14.4 33.1 1.5 0.8 0
3001 2010 049 24800 15.0 31.9 1.6 1.2 0
3001 2010 050 25000 15.6 32.1 1.5 2.0 0
3001 2010 051 24400 15.8 34.8 1.31 0.4 0
3001 2010 052 25100 18.1 36.5 1.4 0.8 0
3001 2010 053 24500 19.3 38.5 1.5 2.0 0
3001 2010 054 24500 17.8 40.2 0.71 2.4 0
3001 2010 055 24500 23.0 40.1 1 1.8 0
3001 2010 056 24800 21.4 40.5 1 1.4 0
3001 2010 057 23200 16.1 40.8 0.71 0.4 0
3001 2010 058 24300 17.7 39.7 1 2.3 0
3001 2010 059 23800 22.0 39.2 1.82 2.4 0
3001 2010 060 24100 20.2 40.0 1.5 1.4 0
3001 2010 061 24000 19.7 32.9 1.6 2.4 0
3001 2010 062 24300 18.5 36.3 1.71 1.6 0
3001 2010 063 24300 20.0 39.6 1.15 1.6 0
3001 2010 064 23500 21.7 39.2 1.23 1.6 0
3001 2010 065 23700 21.9 37.1 1.31 2.8 0
3001 2010 066 24800 20.9 37.4 1.23 2.6 0
3001 2010 067 25200 23.4 36.9 1.15 2.4 0
3001 2010 068 24800 18.8 37.1 0.76 1.8 0
3001 2010 069 25700 18.9 36.5 0.87 2.2 0
3001 2010 070 27000 16.5 37.3 0.94 1.8 0
3001 2010 071 26800 15.2 38.3 0.71 2.2 0
3001 2010 072 26300 17.7 37.4 0.81 2.8 0
3001 2010 073 27000 17.3 36.6 0.81 2.0 0
3001 2010 074 26700 14.8 37.5 1.07 1.2 0
3001 2010 075 26900 15.6 38.9 1.07 1.2 0
3001 2010 076 25800 19.6 37.1 0.71 2.0 0
3001 2010 077 22700 15.8 34.4 0.49 2.2 0
3001 2010 078 25000 17.1 34.7 0.49 1.6 1
3001 2010 079 24600 17.4 39.4 0.53 0.4 0
3001 2010 080 20200 20.4 40.7 1 0.4 0
3001 2010 081 19000 24.8 41.1 1.23 0.8 0
3001 2010 082 20700 23.2 40.7 1.4 2.3 0
3001 2010 083 19700 23.1 39.4 1.71 2.3 0
3001 2010 084 21000 22.0 38.3 1.71 0.4 0
3001 2010 085 23700 19.8 40.6 1.4 2.3 0
3001 2010 086 22900 20.2 42.7 0.76 2.0 0
3001 2010 087 23700 22.1 41.9 0.87 1.6 0
3001 2010 088 27100 16.7 42.1 0.61 1.2 0
3001 2010 089 26300 17.3 42.3 0.57 0.6 0
3001 2010 090 25100 18.3 41.8 0.81 0.8 0
3001 2010 091 23900 22.4 42.3 1.4 0.8 0
3001 2010 092 23600 23.0 42.7 1.07 1.2 0
3001 2010 093 24200 22.3 42.0 1.23 0.4 0
3001 2010 094 24100 23.4 38.4 1.6 2.0 0
3001 2010 095 24700 20.1 36.7 1.6 2.0 0
3001 2010 096 24900 18.3 35.9 1.71 2.0 0
3001 2010 097 24600 19.0 39.4 1.6 0.4 0
3001 2010 098 24100 20.3 41.0 1.4 1.2 0
3001 2010 099 25000 20.7 41.7 1.4 1.6 0
3001 2010 100 25000 19.3 35.1 1.71 2.2 0
3001 2010 101 25200 18.7 34.5 1.94 2.2 0
3001 2010 102 25200 18.1 34.2 1.71 1.8 0
3001 2010 103 24700 18.9 34.7 1.6 2.0 0
3001 2010 104 21800 21.4 34.7 1.6 2.2 0
3001 2010 105 23600 22.1 34.9 1.6 1.6 0
3001 2010 106 24600 21.8 36.2 1.4 1.8 0
3001 2010 107 24900 22.4 37.9 1.6 2.0 0
3001 2010 108 24400 21.8 40.2 1.5 1.0 0
3001 2010 109 18100 23.8 35.0 1.31 1.6 0
3001 2010 110 23500 23.7 40.4 1.71 0.4 0
3001 2010 111 17400 28.1 39.9 1.5 2.8 0
3001 2010 112 23800 27.5 41.1 1.94 1.2 0
3001 2010 113 24100 24.7 40.4 1.6 1.8 0
3001 2010 114 24200 22.1 38.2 1.71 2.6 0
3001 2010 115 24500 20.6 39.7 1.71 0.6 0
3001 2010 116 24700 22.9 41.8 1.6 0.6 0
3001 2010 117 24800 22.5 41.5 1.71 0.8 0
3001 2010 118 24600 21.3 37.5 1.94 1.2 0
3001 2010 119 24200 19.8 35.6 1.94 1.6 0
3001 2010 120 23700 20.7 35.4 2.07 2.0 0
3001 2010 121 21400 19.6 34.1 2.07 2.4 0
3001 2010 122 25200 20.1 36.0 1.94 1.8 0
3001 2010 123 24600 19.8 36.9 1.94 1.4 0
3001 2010 124 24200 20.5 40.0 1.82 0.8 0
3001 2010 125 23600 21.9 39.3 1.71 1.6 0
3001 2010 126 23500 20.4 37.0 1.71 1.4 0
3001 2010 127 24900 19.7 35.1 1.71 2.2 0
3001 2010 128 25200 19.1 34.7 1.71 1.6 0
3001 2010 129 24700 19.3 37.3 1.82 2.2 0
3001 2010 130 19900 21.0 39.1 1.5 2.4 0
3001 2010 131 24100 23.6 41.0 1.71 2.0 0
3001 2010 132 23600 24.6 42.9 1.4 2.2 0
3001 2010 133 21300 27.1 42.5 1.4 2.6 0
3001 2010 134 21900 29.1 40.6 1.31 2.8 0
3001 2010 135 21300 26.3 41.3 1.31 0.8 0
3001 2010 136 18800 26.2 41.5 1.5 1.0 0
3001 2010 137 17600 25.7 40.8 1.23 3.8 0
3001 2010 138 20300 28.8 43.2 1.4 2.0 0
3001 2010 139 14600 32.3 40.4 1.5 1.8 0
3001 2010 140 22000 27.6 41.6 1.31 0.2 0
3001 2010 141 24300 23.5 42.8 1 0.4 0
3001 2010 142 25000 21.5 43.3 1.31 2.3 0
3001 2010 143 24200 21.9 41.7 1.82 1.2 0
3001 2010 144 21600 22.1 36.9 1.94 2.0 0
3001 2010 145 19200 25.2 36.7 1.94 2.2 0
3001 2010 146 21700 24.0 42.4 1.82 1.0 1
3001 2010 147 21300 32.1 43.5 1.71 3.6 0
3001 2010 148 18800 32.6 43.7 1.6 2.4 0
3001 2010 149 21800 27.5 43.7 1.07 0.2 0
3001 2010 150 24200 25.4 43.4 1.82 0.6 0
3001 2010 151 22900 22.2 38.8 2.2 1.6 0
3001 2010 152 23000 20.8 35.6 2.07 1.4 0
3001 2010 153 23300 20.5 35.6 2.07 1.2 0
3001 2010 154 23500 21.1 34.9 2.07 2.0 0
3001 2010 155 24000 20.7 37.1 2.07 0.6 0
3001 2010 156 24900 20.7 39.0 2.07 1.0 0
3001 2010 157 24400 22.9 39.6 1.94 0.2 0
3001 2010 158 17700 25.8 37.1 2.34 2.2 0
3001 2010 159 20700 27.7 36.0 2.49 3.0 0
3001 2010 160 23800 25.3 38.4 2.2 1.8 0
3001 2010 161 24500 24.0 41.3 2.34 1.8 0
3001 2010 162 23200 25.3 38.8 1.71 1.0 0
3001 2010 163 24200 27.3 38.5 2.65 1.4 0
3001 2010 164 17300 26.6 38.8 2.34 1.0 0
3001 2010 165 24000 24.9 38.3 2.2 2.4 0
3001 2010 166 25000 22.4 37.8 1.94 1.2 0
3001 2010 167 25000 21.7 36.5 1.94 1.8 0
3001 2010 168 24600 22.4 37.8 2.07 1.4 0
3001 2010 169 20200 24.3 40.2 2.07 2.2 0
3001 2010 170 17400 27.0 44.5 2.2 3.0 0
3001 2010 171 23300 28.4 39.7 2.49 0.8 0
3001 2010 172 20500 25.6 35.6 2.34 3.6 0
3001 2010 173 23100 23.3 41.3 2.2 1.2 0
3001 2010 174 23700 24.3 39.7 1.94 1.2 0
3001 2010 175 19300 23.0 36.5 2.81 0.4 9
3001 2010 176 20900 24.6 34.2 2.65 2.6 0
3001 2010 177 24500 23.8 39.8 2.65 1.6 0
3001 2010 178 23100 25.0 42.8 1.71 2.6 0
3001 2010 179 20600 27.6 37.5 2.81 1.0 0
3001 2010 180 25200 25.6 39.3 3.17 1.0 6
3001 2010 181 23300 25.3 35.7 2.99 1.6 0
3001 2010 182 23500 24.3 43.5 2.34 1.0 0
3001 2010 183 23200 27.0 36.4 2.81 2.0 0
3001 2010 184 20400 26.6 35.3 2.81 2.6 0
3001 2010 185 24700 25.6 36.8 2.65 2.0 0
3001 2010 186 24800 25.0 37.9 2.65 1.4 0
3001 2010 187 22900 25.1 44.6 2.49 2.4 0
3001 2010 188 17100 29.0 35.3 2.34 1.2 0
3001 2010 189 24900 24.0 37.4 2.99 2.4 7
3001 2010 190 23100 23.7 34.7 2.81 2.0 22
3001 2010 191 25200 24.9 34.2 2.81 2.4 0
3001 2010 192 15200 23.6 32.3 2.49 1.2 0
3001 2010 193 26100 26.1 34.7 2.81 0.8 0
3001 2010 194 14400 21.7 28.8 2.65 0.4 18
3001 2010 195 24200 24.3 33.5 2.99 0.8 0
3001 2010 196 24300 26.0 35.2 2.99 1.8 0
3001 2010 197 22200 25.6 34.0 2.81 3.0 0
3001 2010 198 22700 24.6 33.7 2.49 0.6 0
3001 2010 199 15900 26.1 34.1 2.81 1.2 0
3001 2010 200 25500 26.3 36.8 2.99 2.3 0
3001 2010 201 16200 26.7 31.6 2.65 3.2 27
3001 2010 202 20600 25.0 32.3 2.49 2.8 0
3001 2010 203 24600 23.1 34.1 2.49 2.2 0
3001 2010 204 24100 23.6 34.1 2.49 1.8 0
3001 2010 205 16900 25.0 33.9 2.49 1.8 0
3001 2010 206 22400 25.4 34.5 2.81 1.2 0
3001 2010 207 24400 26.0 36.0 2.65 1.2 0
3001 2010 208 22600 27.0 36.7 2.99 2.0 0
3001 2010 209 25400 24.8 37.2 2.49 1.8 0
3001 2010 210 23300 25.2 35.4 2.65 2.3 0
3001 2010 211 18600 26.4 34.3 2.81 1.2 8
3001 2010 212 25100 26.3 36.5 2.65 2.4 13
3001 2010 213 25300 26.7 35.7 2.81 1.8 5
3001 2010 214 26600 26.6 37.0 2.99 1.8 22
3001 2010 215 20500 24.8 35.8 2.99 2.3 7
3001 2010 216 23600 22.5 34.4 2.49 0.8 33
3001 2010 217 23600 26.9 34.8 3.37 2.8 0
3001 2010 218 22300 25.4 32.4 2.81 3.0 0
3001 2010 219 20900 24.2 33.5 2.65 1.6 0
3001 2010 220 26500 25.3 35.0 2.65 0.8 0
3001 2010 221 22900 24.8 33.6 2.99 0.4 2
3001 2010 222 16500 24.1 32.6 2.99 1.4 2
3001 2010 223 26500 24.5 36.0 2.65 1.8 0
3001 2010 224 25500 24.8 34.9 2.65 0.8 0
3001 2010 225 15600 26.9 31.7 2.99 0.8 4
3001 2010 226 21900 24.9 33.5 2.65 0.6 0
3001 2010 227 13700 24.7 33.2 2.99 0.8 1
3001 2010 228 15200 23.4 31.5 2.81 0.4 14
3001 2010 229 26200 24.5 34.9 2.99 2.3 0
3001 2010 230 6400 21.6 28.1 2.49 1.6 19
3001 2010 231 23200 24.0 34.5 2.99 2.3 0
3001 2010 232 17300 26.2 33.6 3.17 0.8 0
3001 2010 233 27300 25.0 34.5 2.99 0.8 0
3001 2010 234 19200 22.7 33.3 2.65 2.8 1
3001 2010 235 23400 25.9 34.5 2.99 0.6 0
3001 2010 236 27100 26.5 33.7 2.99 1.8 0
3001 2010 237 11500 20.9 31.1 2.34 1.4 8
3001 2010 238 21600 25.2 34.8 2.99 1.4 0
3001 2010 239 23100 26.3 35.1 2.99 1.4 0
3001 2010 240 21300 26.9 33.5 2.99 3.2 0
3001 2010 241 24800 25.5 33.8 2.99 1.2 0
3001 2010 242 24900 25.8 33.8 2.99 1.8 0
3001 2010 243 25000 26.2 33.2 2.99 2.4 0
3001 2010 244 17900 25.8 33.6 2.81 1.2 4
3001 2010 245 10400 23.8 29.0 2.81 0.4 7
3001 2010 246 22400 24.7 32.6 2.99 1.2 1
3001 2010 247 18800 25.4 32.0 3.17 1.4 4
3001 2010 248 25200 24.3 35.3 2.99 0.4 0
3001 2010 249 24000 23.7 35.8 2.81 0.8 4
3001 2010 250 19100 21.8 32.8 2.65 0.2 23
3001 2010 251 15900 22.5 30.4 2.81 0.6 46
3001 2010 252 22600 24.0 32.7 2.99 2.3 2
3001 2010 253 24300 23.2 33.2 2.81 1.2 5
3001 2010 254 11000 26.4 32.3 3.17 1.4 1
3001 2010 255 25900 25.7 32.7 3.17 1.2 0
3001 2010 256 23200 25.1 33.5 2.81 0.4 0
3001 2010 257 11400 26.0 33.3 3.17 1.6 2
3001 2010 258 23900 26.2 34.9 3.17 1.8 0
3001 2010 259 16700 24.5 31.1 2.99 1.2 0
3001 2010 260 25900 23.7 35.5 2.81 2.3 0
3001 2010 261 19800 25.2 35.6 2.81 1.4 0
3001 2010 262 12300 22.1 32.8 2.49 2.6 15
3001 2010 263 20800 25.8 32.9 3.17 0.4 4
3001 2010 264 23800 24.8 33.5 2.99 1.0 0
3001 2010 265 18800 24.6 34.0 2.81 1.2 0
3001 2010 266 7900 25.7 30.9 2.99 1.0 4
3001 2010 267 23700 24.5 35.3 2.81 2.3 0
3001 2010 268 25300 24.8 37.1 2.81 0.6 0
3001 2010 269 25100 25.8 37.8 2.81 1.8 0
3001 2010 270 23900 26.1 36.3 3.17 1.6 1
3001 2010 271 24500 23.0 38.6 2.49 2.3 0
3001 2010 272 24000 26.8 38.7 3.37 1.4 0
3001 2010 273 24200 24.4 39.6 2.2 1.6 12
3001 2010 274 19800 24.4 33.3 2.49 1.0 1
3001 2010 275 22800 23.8 34.5 2.81 1.4 0
3001 2010 276 22400 26.2 39.0 3.17 1.2 0
3001 2010 277 23500 24.6 40.3 2.81 2.3 0
3001 2010 278 23300 23.8 40.7 2.34 2.3 0
3001 2010 279 23200 23.1 39.3 2.07 0.6 0
3001 2010 280 23100 22.8 35.0 2.34 1.4 0
3001 2010 281 24400 22.3 35.2 2.34 1.0 0
3001 2010 282 24400 21.9 35.8 2.07 1.0 0
3001 2010 283 22600 24.8 39.5 2.34 0.6 0
3001 2010 284 23300 23.3 38.2 2.34 0.4 0
3001 2010 285 19400 25.5 37.1 2.65 1.2 0
3001 2010 286 16600 25.8 36.7 2.65 0.8 0
3001 2010 287 7900 25.5 37.3 2.2 1.2 0
3001 2010 288 23700 26.5 36.1 2.49 1.2 0
3001 2010 289 25300 25.9 36.7 2.99 0.6 2
3001 2010 290 25100 24.5 28.4 2.99 0.4 20
3001 2010 291 23900 22.2 32.5 2.65 1.2 0
3001 2010 292 24500 23.2 34.8 2.49 1.6 0
3001 2010 293 24000 25.1 35.7 2.65 1.6 0
3001 2010 294 24200 25.7 35.3 2.81 0.8 0
3001 2010 295 19800 24.5 37.4 2.65 0.8 0
3001 2010 296 22800 24.2 39.6 2.49 0.8 0
3001 2010 297 22400 27.0 38.0 3.17 2.4 0
3001 2010 298 23500 23.7 34.7 1.4 1.8 0
3001 2010 299 23300 20.0 35.7 1.5 0.4 0
3001 2010 300 23200 19.1 38.0 1.5 1.0 0
3001 2010 301 23100 24.0 37.6 1.82 1.6 0
3001 2010 302 24400 25.0 34.5 2.2 2.3 0
3001 2010 303 24400 23.9 36.8 2.07 1.8 0
3001 2010 304 22600 21.0 35.3 1.31 2.4 0
3001 2010 305 22100 17.3 35.0 1.35 2.3 0
3001 2010 306 21800 18.6 35.3 1.84 2.3 0
3001 2010 307 21100 19.4 36.5 1.9 2.3 0
3001 2010 308 21000 19.6 36.3 1.91 2.3 0
3001 2010 309 20800 19.0 34.4 1.6 2.3 0
3001 2010 310 21000 17.2 33.8 1.59 2.3 0
3001 2010 311 21100 18.9 34.7 1.75 2.3 0
3001 2010 312 21000 18.9 35.3 1.83 2.3 0
3001 2010 313 20900 19.3 35.2 2.01 2.3 0
3001 2010 314 17700 22.2 35.3 2.26 2.3 0
3001 2010 315 18300 19.5 35.7 1.99 2.3 0
3001 2010 316 19800 21.0 35.9 1.94 2.3 0
3001 2010 317 20100 20.8 34.7 1.77 2.3 0
3001 2010 318 19900 19.6 34.0 1.84 2.3 0
3001 2010 319 20300 18.4 35.0 1.96 2.3 0
3001 2010 320 19900 18.6 35.9 2.11 2.3 0
3001 2010 321 20000 19.8 36.4 1.59 2.3 0
3001 2010 322 20400 19.0 36.0 1.42 2.3 0
3001 2010 323 20500 17.3 35.0 1.34 2.3 0
3001 2010 324 20400 17.5 35.8 1.46 2.3 0
3001 2010 325 17700 19.2 35.5 1.38 2.3 2
3001 2010 326 20400 19.2 36.0 1.35 2.3 0
3001 2010 327 20200 18.5 36.0 1.31 2.3 0
3001 2010 328 19800 18.9 36.6 1.42 2.3 0
3001 2010 329 19800 20.0 36.2 1.48 2.3 0
3001 2010 330 19800 19.4 36.3 1.68 2.3 0
3001 2010 331 19600 18.7 36.2 1.62 2.3 0
3001 2010 332 19400 18.8 36.1 1.81 2.3 0
3001 2010 333 19400 19.7 37.0 1.94 2.3 0
3001 2010 334 19000 19.8 35.6 2.27 2.3 0
3001 2010 335 19000 19.5 35.6 1.89 2.3 0
3001 2010 336 20000 18.9 35.9 1.46 2.3 0
3001 2010 337 19400 18.8 36.2 1.61 2.3 0
3001 2010 338 19300 19.4 36.7 1.56 2.3 0
3001 2010 339 16900 20.3 36.4 1.52 2.3 0
3001 2010 340 19300 19.6 36.9 1.66 2.3 0
3001 2010 341 19200 18.9 35.9 1.87 2.3 0
3001 2010 342 19400 17.3 34.9 1.81 2.3 0
3001 2010 343 16500 16.6 34.5 2.09 2.3 0
3001 2010 344 16800 20.0 35.8 2.17 2.3 0
3001 2010 345 12500 20.6 33.8 1.41 2.3 0
3001 2010 346 13500 18.6 33.7 1.17 2.3 0
3001 2010 347 19700 17.1 34.4 1.13 2.3 0
3001 2010 348 19700 17.2 35.4 1.16 2.3 0
3001 2010 349 16500 18.2 35.8 1.3 2.3 0
3001 2010 350 16700 19.4 34.4 1.21 2.3 0
3001 2010 351 16200 20.3 34.0 1.49 2.3 0
3001 2010 352 18500 17.1 34.0 1.98 2.3 0
3001 2010 353 18500 18.1 35.5 1.82 2.3 0
3001 2010 354 18800 17.8 35.9 1.56 2.3 0
3001 2010 355 18800 17.4 35.5 1.53 2.3 0
3001 2010 356 18900 17.7 35.1 1.76 2.3 0
3001 2010 357 18900 17.5 34.8 1.52 2.3 0
3001 2010 358 19300 17.1 34.8 1.41 2.3 0
3001 2010 359 19500 16.5 34.0 1.45 2.3 0
3001 2010 360 19400 15.8 34.4 1.23 2.3 0
3001 2010 361 19300 16.1 34.8 1.4 2.3 0
3001 2010 362 19300 17.0 35.8 1.41 2.3 0
3001 2010 363 16500 17.7 35.9 1.14 2.3 0
3001 2010 364 10400 18.1 32.5 1.1 2.3 0
3001 2010 365 14700 17.3 33.9 0.92 2.3 0
