*---------------------------------------------------------*
*   Country: Senegal
*   Station: SEN_HUB_fanaye
*   Station #: 3001
*   Year: 2011
*   Source: AfricaRice; historical observed data (1991-1999,2006-2011, 2013,2014)
*   Author: Pepijn van Oort (AfricaRice). Original Script by Justin van Wart (University Nebraska)
*   Longitude: -14.80 (decimal degrees East)
*   Latitude: 16.53 (decimal degrees North)
*   Elevation: 11 m.
*
*  Columns:
*  ========
*  1 station number
*  2 year
*  3 day
*  4 irradiation (kJ m-2 d-1)
*  5 minimum temperature (degrees Celsius)
*  6 maximum temperature (degrees Celsius)
*  7 actual vapour pressure (kPa)   
*  8 mean wind speed (m s-1)
*  9 precipitation (mm d-1)
*
** WCCDESCRIPTION=Senegal, SEN_HUB_fanaye
** WCCFORMAT=2
** WCCYEARNR= 2011
*
* COMMENT - START
*   Filename: SEN3001.011
*   Source file: SEN_HUBHIST_Fanaye.xlsx; sheet: GYGAReady_public_propagation
*   Source file contains station data (black) and propagated data (red).
*   When station data are available these are filled in in the current file.
*   When station data are not available the method uses NASA data from the POWER database.
*   Tmin, Tmax and Tdew from the POWER database are corrected for bias based on empirical regression between POWER data and available station data.
* COMMENT - END
*---------------------------------------------------------*
-14.80  16.53  11  0  0
3001 2011 001 19200 15.7 33.0 0.8 2.3 0
3001 2011 002 19400 15.1 33.5 0.9 2.3 0
3001 2011 003 19100 15.4 33.7 0.92 2.3 0
3001 2011 004 19600 14.9 33.6 0.9 2.3 0
3001 2011 005 20100 14.5 33.9 0.87 2.3 0
3001 2011 006 19900 14.8 34.2 0.81 2.3 0
3001 2011 007 20300 15.1 34.5 0.82 2.3 0
3001 2011 008 19800 15.3 34.7 0.81 2.3 0
3001 2011 009 14000 16.0 33.9 0.84 2.3 1
3001 2011 010 13900 16.1 32.9 0.88 2.3 0
3001 2011 011 18000 15.5 32.5 0.74 2.3 0
3001 2011 012 14200 15.0 31.1 0.72 2.3 0
3001 2011 013 19900 16.6 32.2 0.69 2.3 0
3001 2011 014 20600 13.9 32.0 0.78 2.3 0
3001 2011 015 19500 13.6 33.9 0.79 2.3 0
3001 2011 016 20500 15.6 35.3 0.97 2.3 0
3001 2011 017 19700 15.0 33.4 0.81 2.3 0
3001 2011 018 12100 16.0 29.9 0.92 2.3 0
3001 2011 019 13200 16.0 31.9 0.89 2.3 0
3001 2011 020 15900 16.2 34.2 0.95 2.3 0
3001 2011 021 19800 18.0 35.8 1 2.3 0
3001 2011 022 20500 15.4 34.2 1.15 2.3 0
3001 2011 023 18100 15.3 33.2 1.04 2.3 0
3001 2011 024 16500 16.3 33.7 1.3 2.3 0
3001 2011 025 20000 18.0 33.6 1.48 2.3 0
3001 2011 026 17000 16.4 32.9 1.91 2.3 0
3001 2011 027 19900 17.1 33.2 1.76 2.3 0
3001 2011 028 16000 17.3 35.3 1.42 2.3 0
3001 2011 029 18600 20.6 37.7 1.47 2.3 0
3001 2011 030 20700 18.3 35.8 1.87 2.3 0
3001 2011 031 20300 18.1 35.6 2.08 2.3 0
3001 2011 032 15300 19.3 35.1 1.9 2.3 0
3001 2011 033 20100 19.8 33.4 1.81 2.3 0
3001 2011 034 20400 18.5 33.9 1.81 2.3 0
3001 2011 035 20800 16.8 32.1 0.95 2.3 0
3001 2011 036 21100 17.0 31.6 0.77 2.3 0
3001 2011 037 21400 17.2 30.2 0.84 2.3 0
3001 2011 038 21200 15.1 34.0 0.96 2.3 0
3001 2011 039 20100 15.8 32.4 0.82 2.3 0
3001 2011 040 17900 17.5 32.9 0.8 2.3 1
3001 2011 041 22800 14.3 32.4 0.77 2.3 0
3001 2011 042 23500 12.5 33.1 0.82 2.3 0
3001 2011 043 23600 14.0 32.8 0.68 2.3 0
3001 2011 044 23900 13.4 31.2 0.74 2.3 0
3001 2011 045 23500 13.8 32.1 0.92 2.3 0
3001 2011 046 24200 12.9 32.1 0.6 2.3 0
3001 2011 047 24600 13.3 33.5 0.74 2.3 0
3001 2011 048 23700 15.1 34.6 1.08 2.3 0
3001 2011 049 23800 15.6 34.8 1.17 2.3 0
3001 2011 050 24000 14.8 35.3 0.81 2.3 0
3001 2011 051 24700 15.3 36.4 0.65 2.3 0
3001 2011 052 24400 16.2 37.0 0.59 2.3 0
3001 2011 053 24400 17.5 37.8 0.56 2.3 0
3001 2011 054 23900 17.2 36.8 0.62 2.3 0
3001 2011 055 24600 17.3 36.7 0.7 2.3 0
3001 2011 056 25100 17.2 36.1 0.7 2.3 0
3001 2011 057 25100 17.4 34.7 0.7 2.3 0
3001 2011 058 24000 15.7 33.7 0.72 2.3 0
3001 2011 059 25000 14.9 34.5 0.76 2.3 0
3001 2011 060 24800 16.6 37.0 0.7 2.3 0
3001 2011 061 24700 18.3 36.8 0.84 2.3 0
3001 2011 062 24800 16.8 35.3 0.84 2.3 0
3001 2011 063 25000 15.5 34.8 0.89 2.3 0
3001 2011 064 24700 15.8 36.2 0.92 2.3 0
3001 2011 065 24400 16.1 36.2 1.26 2.3 0
3001 2011 066 24300 16.6 34.8 1.38 2.3 0
3001 2011 067 24400 17.3 35.1 1.3 2.3 0
3001 2011 068 24200 17.4 36.6 1.35 2.3 0
3001 2011 069 24500 17.5 37.9 1.34 2.3 0
3001 2011 070 24900 17.1 36.2 1.45 2.3 0
3001 2011 071 24900 17.1 34.7 1.57 2.3 0
3001 2011 072 25200 16.2 35.0 1.43 2.3 0
3001 2011 073 24800 15.4 33.6 1.67 2.3 0
3001 2011 074 24700 15.7 33.4 1.41 2.3 0
3001 2011 075 24700 17.1 35.8 1.11 2.3 0
3001 2011 076 25300 17.9 37.1 0.89 2.3 0
3001 2011 077 25600 18.9 39.7 0.9 2.3 0
3001 2011 078 26000 19.0 39.9 1.05 2.3 0
3001 2011 079 26200 20.3 41.0 1.26 2.3 0
3001 2011 080 26400 20.6 41.0 1.2 2.3 0
3001 2011 081 26400 19.7 41.0 1.3 2.3 0
3001 2011 082 26300 19.0 38.2 1.38 2.3 0
3001 2011 083 26600 19.2 39.2 1.19 2.3 0
3001 2011 084 26600 19.3 40.5 1.29 2.3 0
3001 2011 085 26400 21.0 41.1 1.36 2.3 0
3001 2011 086 26500 22.2 42.0 1.24 2.3 0
3001 2011 087 26300 21.9 42.2 1.19 2.3 0
3001 2011 088 25400 23.3 42.1 1.04 2.3 0
3001 2011 089 26200 23.0 42.5 1.17 2.3 0
3001 2011 090 25600 23.4 43.0 1.27 2.3 0
3001 2011 091 26000 21.4 43.1 1.42 2.3 0
3001 2011 092 27100 23.7 42.4 0.97 2.3 0
3001 2011 093 26200 23.8 41.8 1.02 2.3 0
3001 2011 094 27100 20.4 41.3 1.44 2.3 0
3001 2011 095 27800 20.8 40.4 1.24 2.3 0
3001 2011 096 27800 18.4 39.5 1.29 2.3 0
3001 2011 097 26200 18.2 41.6 1.33 2.3 0
3001 2011 098 25800 22.5 40.8 1.36 2.3 0
3001 2011 099 27000 26.1 41.1 0.86 2.3 0
3001 2011 100 28100 22.9 41.5 0.72 2.3 0
3001 2011 101 28300 22.2 41.9 0.76 2.3 0
3001 2011 102 28700 22.2 42.1 0.76 2.3 0
3001 2011 103 27300 20.0 40.3 1.57 2.3 0
3001 2011 104 26600 20.8 39.3 1.56 2.3 0
3001 2011 105 21900 18.6 38.8 1.75 2.3 0
3001 2011 106 26100 18.9 40.6 1.72 2.3 0
3001 2011 107 26700 20.1 39.9 1.68 2.3 0
3001 2011 108 26700 19.3 40.3 1.94 2.3 0
3001 2011 109 26600 20.7 40.8 1.82 2.3 0
3001 2011 110 26900 19.4 38.0 2.01 2.3 0
3001 2011 111 25500 19.2 38.1 1.75 2.3 0
3001 2011 112 26600 21.0 38.6 1.85 2.3 0
3001 2011 113 27200 20.2 39.6 1.35 2.3 0
3001 2011 114 27500 21.8 39.7 1.16 2.3 0
3001 2011 115 27400 19.8 39.0 1.3 2.3 0
3001 2011 116 24600 19.3 39.7 1.63 2.3 0
3001 2011 117 27000 19.3 39.5 1.66 2.3 0
3001 2011 118 25700 21.7 37.9 1.76 2.3 0
3001 2011 119 27000 18.6 36.3 1.96 2.3 0
3001 2011 120 27000 18.0 35.8 1.96 2.3 0
3001 2011 121 26900 17.3 36.9 1.87 2.3 0
3001 2011 122 27300 18.1 37.0 1.96 2.3 0
3001 2011 123 27200 19.2 39.0 1.76 2.3 0
3001 2011 124 27200 21.3 40.3 1.53 2.3 0
3001 2011 125 27000 23.4 42.0 1.55 2.3 0
3001 2011 126 26900 22.3 41.8 1.81 2.3 0
3001 2011 127 26900 21.4 41.0 1.83 2.3 0
3001 2011 128 27300 20.6 40.5 1.81 2.3 0
3001 2011 129 25100 20.5 39.8 1.99 2.3 0
3001 2011 130 26800 20.1 41.1 1.85 2.3 0
3001 2011 131 27600 20.1 40.2 1.83 2.3 0
3001 2011 132 26600 19.8 38.4 1.77 2.3 0
3001 2011 133 25100 20.1 39.5 1.87 2.3 0
3001 2011 134 26500 21.1 40.5 1.82 2.3 0
3001 2011 135 26100 21.4 40.7 2.12 2.3 0
3001 2011 136 13200 25.6 40.7 2.51 2.3 0
3001 2011 137 26700 24.0 41.9 2.26 2.3 0
3001 2011 138 26900 22.2 42.5 1.96 2.3 0
3001 2011 139 27100 22.2 41.6 2.08 2.3 0
3001 2011 140 27400 21.7 42.7 1.85 2.3 0
3001 2011 141 27600 24.0 43.0 1.53 2.3 0
3001 2011 142 27000 22.2 41.8 1.83 2.3 0
3001 2011 143 26600 20.6 40.3 1.99 2.3 0
3001 2011 144 27000 21.6 41.7 1.91 2.3 0
3001 2011 145 28000 22.7 43.4 1.53 2.3 0
3001 2011 146 28400 25.7 43.3 1.09 2.3 0
3001 2011 147 28000 25.0 43.5 1.51 2.3 0
3001 2011 148 28000 21.1 41.6 2.11 2.3 0
3001 2011 149 27800 21.3 41.9 2.01 2.3 0
3001 2011 150 26800 21.6 42.2 2.2 2.3 0
3001 2011 151 26000 22.5 40.5 2.4 2.3 0
3001 2011 152 24700 23.8 40.3 2.28 2.3 0
3001 2011 153 26400 24.3 41.6 2.05 2.3 11
3001 2011 154 26200 23.6 44.0 1.48 2.3 0
3001 2011 155 27300 25.6 44.0 1.52 2.3 0
3001 2011 156 26800 22.2 41.0 2.16 2.3 0
3001 2011 157 23400 21.7 39.1 1.99 2.3 0
3001 2011 158 15900 22.0 38.9 2.12 2.3 0
3001 2011 159 22600 23.1 41.6 2.07 2.3 0
3001 2011 160 26400 23.3 40.3 2.11 2.3 0
3001 2011 161 26900 25.0 43.6 1.8 2.3 0
3001 2011 162 26600 29.0 43.5 1.64 2.3 0
3001 2011 163 27100 27.8 43.0 1.39 2.3 0
3001 2011 164 26800 25.1 44.0 1.48 2.3 0
3001 2011 165 17600 24.0 40.5 2.33 2.3 0
3001 2011 166 26300 23.3 41.4 2.17 2.3 0
3001 2011 167 26500 23.2 43.0 2.08 2.3 0
3001 2011 168 26000 25.6 43.6 2.36 2.3 0
3001 2011 169 26500 24.6 42.2 2.23 2.3 0
3001 2011 170 25500 22.9 40.8 2.46 2.3 0
3001 2011 171 21900 23.4 38.9 2.71 2.3 0
3001 2011 172 18800 24.6 39.0 2.8 2.3 0
3001 2011 173 26500 24.1 40.7 2.55 2.3 0
3001 2011 174 27400 22.2 41.8 2.49 2.3 0
3001 2011 175 26000 23.2 41.9 2.52 2.3 0
3001 2011 176 22100 24.9 37.3 3.17 2.3 0
3001 2011 177 26100 25.0 37.7 3.12 2.3 0
3001 2011 178 26000 24.8 39.6 2.75 2.3 0
3001 2011 179 25700 25.8 43.3 2.38 2.3 0
3001 2011 180 26500 23.4 41.0 2.47 2.3 0
3001 2011 181 26700 22.6 41.4 2.83 2.3 0
3001 2011 182 25300 25.2 38.1 2.92 2.3 0
3001 2011 183 25900 26.4 33.9 3.39 2.3 0
3001 2011 184 25600 23.8 37.5 3.1 2.3 0
3001 2011 185 26600 24.0 42.5 2.41 2.3 0
3001 2011 186 26400 24.9 37.7 3.01 2.3 0
3001 2011 187 26000 23.8 37.6 2.97 2.3 0
3001 2011 188 25300 23.3 40.5 2.62 2.3 0
3001 2011 189 25600 24.1 42.5 2.52 2.3 0
3001 2011 190 25400 24.0 41.0 2.6 2.3 0
3001 2011 191 25700 23.4 40.0 2.86 2.3 0
3001 2011 192 25700 26.5 36.9 3.04 2.3 0
3001 2011 193 25500 24.1 34.0 3.29 2.3 0
3001 2011 194 22200 24.6 34.6 3.33 2.3 0
3001 2011 195 24400 24.3 38.4 3.08 2.3 0
3001 2011 196 26000 23.5 39.5 2.88 2.3 0
3001 2011 197 25800 25.3 34.0 3.35 2.3 0
3001 2011 198 23200 25.0 34.1 3.25 2.3 39
3001 2011 199 26200 25.0 35.5 3.25 2.3 0
3001 2011 200 24700 24.6 35.9 3.12 2.3 0
3001 2011 201 25600 24.5 40.7 2.88 2.3 0
3001 2011 202 26300 24.7 41.4 2.52 2.3 0
3001 2011 203 26300 24.4 39.8 2.73 2.3 0
3001 2011 204 26500 23.6 41.4 2.2 2.3 0
3001 2011 205 24300 24.7 42.9 2.44 2.3 0
3001 2011 206 25600 27.0 36.9 3.17 2.3 0
3001 2011 207 25300 24.5 37.8 3.21 2.3 0
3001 2011 208 26700 23.4 39.8 2.81 2.3 0
3001 2011 209 21800 24.4 36.3 2.97 2.3 0
3001 2011 210 26100 24.7 35.8 3.14 2.3 0
3001 2011 211 26000 23.4 38.1 3.25 2.3 0
3001 2011 212 24200 24.1 35.1 3.29 2.3 0
3001 2011 213 12500 23.9 32.1 3.7 2.3 13
3001 2011 214 22600 23.3 32.9 3.57 2.3 0
3001 2011 215 24600 24.9 33.5 3.47 2.3 0
3001 2011 216 21600 25.4 36.4 3.43 2.3 0
3001 2011 217 21600 23.4 35.8 3.45 2.3 0
3001 2011 218 24200 23.5 32.3 3.68 2.3 0
3001 2011 219 23100 22.6 34.0 3.43 2.3 15
3001 2011 220 25400 23.6 32.1 3.43 2.3 0
3001 2011 221 25200 23.5 34.3 3.51 2.3 0
3001 2011 222 26200 23.5 36.9 3.39 2.3 0
3001 2011 223 25800 23.4 38.8 3.21 2.3 1
3001 2011 224 25000 25.0 36.2 3.25 2.3 0
3001 2011 225 21000 23.3 36.9 3.29 2.3 0
3001 2011 226 25500 23.4 33.9 3.29 2.3 1
3001 2011 227 25500 23.4 34.3 3.29 2.3 0
3001 2011 228 24800 23.8 33.6 3.51 2.3 0
3001 2011 229 21800 23.4 31.3 3.59 2.3 24
3001 2011 230 19400 22.8 33.1 3.55 2.3 0
3001 2011 231 23100 22.8 31.7 3.59 2.3 1
3001 2011 232 22700 22.2 33.2 3.49 2.3 4
3001 2011 233 25100 22.6 33.7 3.41 2.3 0
3001 2011 234 20800 22.6 34.6 3.33 2.3 0
3001 2011 235 25300 23.6 32.1 3.47 2.3 0
3001 2011 236 12000 23.3 31.5 3.64 2.3 11
3001 2011 237 14100 22.5 30.3 3.61 2.3 26
3001 2011 238 24900 22.5 32.6 3.45 2.3 0
3001 2011 239 25300 22.9 37.3 3.17 2.3 0
3001 2011 240 25300 23.6 36.6 3.31 2.3 0
3001 2011 241 25300 23.5 31.6 3.76 2.3 32
3001 2011 242 18600 23.4 31.2 3.74 2.3 0
3001 2011 243 25100 23.3 34.1 3.57 2.3 0
3001 2011 244 25200 24.0 33.2 3.47 2.3 0
3001 2011 245 22100 23.8 33.7 3.49 2.3 12
3001 2011 246 25400 23.1 34.5 3.45 2.3 0
3001 2011 247 25100 23.3 34.0 3.49 2.3 0
3001 2011 248 24700 23.3 37.9 3.39 2.3 0
3001 2011 249 25300 24.0 36.6 3.49 2.3 0
3001 2011 250 25200 23.1 37.5 3.39 2.3 0
3001 2011 251 25000 24.1 34.8 3.45 2.3 0
3001 2011 252 24900 22.9 36.8 3.35 2.3 0
3001 2011 253 25700 21.3 40.4 3.17 2.3 0
3001 2011 254 24900 23.6 34.6 3.45 2.3 3
3001 2011 255 23600 24.2 34.3 3.37 2.3 0
3001 2011 256 23200 23.6 34.2 3.47 2.3 1
3001 2011 257 24700 22.6 33.2 3.51 2.3 0
3001 2011 258 24900 21.9 35.1 3.37 2.3 0
3001 2011 259 24600 22.8 36.1 3.35 2.3 0
3001 2011 260 24300 23.5 35.1 3.41 2.3 13
3001 2011 261 24200 24.6 37.7 3.49 2.3 0
3001 2011 262 24200 23.5 34.0 3.64 2.3 4
3001 2011 263 19000 22.8 32.2 3.57 2.3 0
3001 2011 264 23900 23.3 35.5 3.66 2.3 8
3001 2011 265 24200 23.7 38.9 3.45 2.3 10
3001 2011 266 18000 23.6 33.6 3.59 2.3 1
3001 2011 267 23500 23.4 32.8 3.64 2.3 0
3001 2011 268 17800 23.5 35.1 3.49 2.3 0
3001 2011 269 24000 24.1 36.0 3.21 2.3 0
3001 2011 270 24300 22.6 40.3 3.04 2.3 0
3001 2011 271 23900 22.5 40.7 2.88 2.3 0
3001 2011 272 23800 23.8 34.8 3.57 2.3 0
3001 2011 273 14500 22.9 35.9 3.29 2.3 19
3001 2011 274 14600 23.1 36.9 3.15 2.3 1
3001 2011 275 14500 23.2 33.0 3.33 2.3 0
3001 2011 276 22700 23.9 37.7 3.04 2.3 0
3001 2011 277 23900 23.5 41.3 2.7 2.3 0
3001 2011 278 23700 23.1 40.7 2.83 2.3 0
3001 2011 279 23700 23.9 41.4 2.36 2.3 0
3001 2011 280 23500 23.4 40.8 2.83 2.3 0
3001 2011 281 23600 22.8 40.4 2.52 2.3 0
3001 2011 282 22900 23.6 39.9 2.75 2.3 0
3001 2011 283 23000 25.0 40.3 2.49 2.3 0
3001 2011 284 23400 23.6 40.6 1.66 2.3 0
3001 2011 285 23200 24.7 41.4 1.71 2.3 0
3001 2011 286 22800 22.9 41.0 2.3 2.3 0
3001 2011 287 21900 24.2 39.8 2.62 2.3 0
3001 2011 288 22100 25.2 36.3 3.04 2.3 0
3001 2011 289 22000 24.0 38.8 3.01 2.3 0
3001 2011 290 20400 24.6 36.7 3.21 2.3 0
3001 2011 291 20100 24.5 37.9 2.73 2.3 0
3001 2011 292 22300 21.7 38.2 1.19 2.3 0
3001 2011 293 22800 19.4 38.8 1.1 2.3 0
3001 2011 294 22400 21.9 39.9 1.24 2.3 0
3001 2011 295 22100 22.5 38.4 1.85 2.3 0
3001 2011 296 20800 22.7 37.9 1.72 2.3 0
3001 2011 297 20100 21.7 38.3 1.94 2.3 0
3001 2011 298 21000 22.0 38.8 2.19 2.3 0
3001 2011 299 19800 22.2 39.4 1.96 2.3 0
3001 2011 300 21200 23.0 39.8 2.17 2.3 0
3001 2011 301 20600 23.5 40.2 1.85 2.3 0
3001 2011 302 21600 23.4 39.5 1.61 2.3 0
3001 2011 303 20600 22.9 39.9 1.5 2.3 0
3001 2011 304 20900 22.2 39.5 1.36 2.3 0
3001 2011 305 20000 21.9 40.2 1.48 2.3 0
3001 2011 306 17200 22.5 39.9 1.37 2.3 0
3001 2011 307 20400 22.6 39.9 1.85 2.3 0
3001 2011 308 15800 22.3 39.3 1.47 2.3 0
3001 2011 309 21300 22.2 38.0 1.28 2.3 0
3001 2011 310 21050 20.6 37.7 1.56 2.3 0
3001 2011 311 20800 19.8 37.9 1.33 2.3 0
3001 2011 312 21200 19.8 38.1 1.27 2.3 0
3001 2011 313 20000 19.9 38.9 1.17 2.3 0
3001 2011 314 21000 20.4 38.3 1.3 2.3 0
3001 2011 315 20800 18.2 37.5 2.03 2.3 0
3001 2011 316 20400 18.8 36.7 2.17 2.3 0
3001 2011 317 20500 19.3 39.0 1.4 2.3 0
3001 2011 318 20200 18.2 39.1 1.49 2.3 0
3001 2011 319 19800 21.6 38.6 1.07 2.3 0
3001 2011 320 20000 21.3 38.9 1.02 2.3 0
3001 2011 321 21100 19.3 37.8 0.84 2.3 0
3001 2011 322 20700 18.9 38.3 0.81 2.3 0
3001 2011 323 21200 19.5 38.1 0.77 2.3 0
3001 2011 324 20600 18.2 37.3 1.02 2.3 0
3001 2011 325 19900 18.4 36.9 1.13 2.3 0
3001 2011 326 19800 18.9 35.8 1.27 2.3 0
3001 2011 327 20000 18.0 34.7 1.28 2.3 0
3001 2011 328 20200 17.4 35.1 1.09 2.3 0
3001 2011 329 19800 17.0 35.0 1.07 2.3 0
3001 2011 330 19200 17.4 35.5 1.11 2.3 0
3001 2011 331 14300 17.9 34.5 1.1 2.3 0
3001 2011 332 18000 18.6 36.1 1.05 2.3 0
3001 2011 333 17500 18.6 35.7 1.03 2.3 0
3001 2011 334 19500 18.5 36.8 0.95 2.3 0
3001 2011 335 18600 19.0 37.4 0.85 2.3 0
3001 2011 336 18200 18.5 36.8 0.71 2.3 0
3001 2011 337 19200 19.1 35.5 0.83 2.3 0
3001 2011 338 18900 17.7 35.0 1.02 2.3 0
3001 2011 339 18800 18.2 33.7 1.06 2.3 0
3001 2011 340 15700 17.4 33.6 1.01 2.3 0
3001 2011 341 15500 17.0 34.5 0.97 2.3 0
3001 2011 342 19300 16.3 35.1 0.94 2.3 0
3001 2011 343 19400 17.3 36.2 0.84 2.3 0
3001 2011 344 18200 17.6 36.6 0.76 2.3 0
3001 2011 345 17500 16.8 35.7 0.67 2.3 0
3001 2011 346 13500 18.1 35.1 0.64 2.3 0
3001 2011 347 12200 17.1 34.7 0.74 2.3 0
3001 2011 348 13000 17.3 32.5 0.8 2.3 0
3001 2011 349 13500 17.7 32.9 0.77 2.3 0
3001 2011 350 12500 17.4 32.0 0.77 2.3 0
3001 2011 351 15000 18.7 31.5 0.74 2.3 0
3001 2011 352 15500 17.4 31.7 0.77 2.3 0
3001 2011 353 18900 16.6 33.2 0.72 2.3 0
3001 2011 354 18600 14.9 32.7 0.6 2.3 0
3001 2011 355 16100 15.8 32.1 0.7 2.3 0
3001 2011 356 19100 14.3 30.3 0.66 2.3 0
3001 2011 357 18900 12.2 30.6 0.63 2.3 0
3001 2011 358 19000 12.9 31.2 0.59 2.3 0
3001 2011 359 18100 13.1 32.4 0.85 2.3 0
3001 2011 360 16500 16.2 32.8 0.88 2.3 0
3001 2011 361 15000 14.6 31.7 0.8 2.3 0
3001 2011 362 16100 15.5 32.7 0.84 2.3 0
3001 2011 363 18500 15.0 29.9 0.76 2.3 0
3001 2011 364 15900 13.3 28.3 0.76 2.3 0
3001 2011 365 12900 11.5 27.6 0.8 2.3 0
