*---------------------------------------------------------*
*   Country: Senegal
*   Station: SEN_HUB_fanaye
*   Station #: 3001
*   Year: 2014
*   Source: AfricaRice; historical observed data (1991-1999,2006-2011, 2013,2014)
*   Author: Pepijn van Oort (AfricaRice). Original Script by Justin van Wart (University Nebraska)
*   Longitude: -14.80 (decimal degrees East)
*   Latitude: 16.53 (decimal degrees North)
*   Elevation: 11 m.
*
*  Columns:
*  ========
*  1 station number
*  2 year
*  3 day
*  4 irradiation (kJ m-2 d-1)
*  5 minimum temperature (degrees Celsius)
*  6 maximum temperature (degrees Celsius)
*  7 actual vapour pressure (kPa)   
*  8 mean wind speed (m s-1)
*  9 precipitation (mm d-1)
*
** WCCDESCRIPTION=Senegal, SEN_HUB_fanaye
** WCCFORMAT=2
** WCCYEARNR= 2014
*
* COMMENT - START
*   Filename: SEN3001.014
*   Source file: SEN_HUBHIST_Fanaye.xlsx; sheet: GYGAReady_public_propagation
*   Source file contains station data (black) and propagated data (red).
*   When station data are available these are filled in in the current file.
*   When station data are not available the method uses NASA data from the POWER database.
*   Tmin, Tmax and Tdew from the POWER database are corrected for bias based on empirical regression between POWER data and available station data.
* COMMENT - END
*---------------------------------------------------------*
-14.80  16.53  11  0  0
3001 2014 001 18000 12.8 31.3 0.87 1.7 0
3001 2014 002 19900 14.2 31.8 0.81 1.7 0
3001 2014 003 18400 13.7 32.3 0.81 1.6 0
3001 2014 004 17500 15.4 32.3 0.66 1.6 0
3001 2014 005 20100 10.7 32.7 0.81 1.4 0
3001 2014 006 20500 10.8 32.9 0.81 1.6 0
3001 2014 007 14300 11.7 32.5 0.87 1.2 0
3001 2014 008 16000 10.1 32.5 0.94 0.9 0
3001 2014 009 7600 18.3 25.8 1.6 0.9 0
3001 2014 010 11700 15.3 23.3 1.4 1.4 0
3001 2014 011 18000 13.5 29.1 1.4 1.2 0
3001 2014 012 13700 12.3 33.8 1.23 0.7 0
3001 2014 013 17000 13.2 36.5 1.07 1.2 0
3001 2014 014 17700 15.4 34.8 1 1.3 0
3001 2014 015 19600 14.3 33.4 0.81 1.5 0
3001 2014 016 17700 12.0 32.5 0.87 0.8 0
3001 2014 017 20400 15.0 30.5 1.4 1.4 0
3001 2014 018 21100 15.0 29.1 1.4 1.4 0
3001 2014 019 21200 12.5 29.8 1.31 1.1 0
3001 2014 020 21200 11.0 31.6 1 1.4 0
3001 2014 021 21100 10.0 30.0 0.94 1.7 0
3001 2014 022 21500 12.6 29.9 1 1.8 0
3001 2014 023 21300 10.2 30.2 1.07 1.7 0
3001 2014 024 18800 13.2 27.9 0.94 1.7 0
3001 2014 025 17100 12.8 29.5 1.15 1.1 0
3001 2014 026 13500 14.6 32.1 1.15 1.8 0
3001 2014 027 14900 19.2 32.1 0.94 1.9 0
3001 2014 028 18200 14.3 34.2 0.87 1.1 0
3001 2014 029 18300 15.8 35.1 1.07 0.8 0
3001 2014 030 20100 19.7 29.6 1.23 2.8 0
3001 2014 031 20800 15.9 27.2 0.71 3.3 0
3001 2014 032 21900 10.2 29.6 0.81 2.3 0
3001 2014 033 21400 9.7 31.2 0.81 1.5 0
3001 2014 034 22900 8.1 31.8 0.71 1.7 0
3001 2014 035 23000 11.1 32.3 0.71 1.7 0
3001 2014 036 23000 9.2 33.1 0.81 1.7 0
3001 2014 037 18800 11.0 33.8 0.81 1.2 0
3001 2014 038 20200 10.6 34.4 0.81 1.6 0
3001 2014 039 21500 12.8 34.6 0.61 2.2 0
3001 2014 040 23700 10.1 34.6 0.76 2.0 0
3001 2014 041 23100 9.4 34.9 0.66 1.9 0
3001 2014 042 23600 14.7 34.5 0.61 2.4 0
3001 2014 043 23800 14.8 34.9 0.71 1.8 0
3001 2014 044 21800 13.8 34.2 0.76 2.1 0
3001 2014 045 22100 10.8 35.9 0.57 1.3 0
3001 2014 046 22500 11.1 35.6 0.81 1.3 0
3001 2014 047 22000 14.5 25.4 1 3.1 0
3001 2014 048 21600 13.6 25.5 1.31 2.2 0
3001 2014 049 22900 9.6 28.6 0.81 2.2 0
3001 2014 050 17000 15.0 28.4 0.81 2.4 0
3001 2014 051 23700 15.4 31.5 0.81 2.1 0
3001 2014 052 21600 11.3 32.9 1 1.8 0
3001 2014 053 22600 15.4 33.0 0.81 1.7 0
3001 2014 054 23500 10.5 35.1 0.87 1.0 0
3001 2014 055 23500 10.9 34.3 0.76 1.6 0
3001 2014 056 24100 11.0 33.7 0.57 2.0 0
3001 2014 057 22800 13.5 33.7 0.49 2.3 0
3001 2014 058 21000 18.2 33.6 0.42 3.5 0
3001 2014 059 18300 21.3 31.7 0.61 3.7 0
3001 2014 060 22800 14.2 32.3 0.57 2.2 0
3001 2014 061 24000 10.6 32.5 0.71 1.7 0
3001 2014 062 21300 12.1 33.4 0.71 1.5 0
3001 2014 063 24800 11.0 35.6 0.81 1.3 0
3001 2014 064 21000 10.9 36.6 1.07 1.0 0
3001 2014 065 16100 13.7 35.5 1.31 1.3 0
3001 2014 066 15900 17.6 31.8 1.71 1.5 0
3001 2014 067 20500 17.3 29.5 1.6 1.7 0
3001 2014 068 21000 16.1 32.3 1.5 1.5 0
3001 2014 069 21100 16.8 33.2 1.6 1.6 0
3001 2014 070 23300 16.4 31.9 1.6 1.8 0
3001 2014 071 22500 15.6 33.1 1.5 1.4 0
3001 2014 072 22800 14.5 36.6 1.31 1.1 0
3001 2014 073 19700 16.0 37.6 1 1.1 0
3001 2014 074 21900 15.5 39.5 0.87 1.5 0
3001 2014 075 20600 21.9 38.7 0.71 1.5 0
3001 2014 076 22500 17.1 37.6 1.15 1.6 0
3001 2014 077 16500 16.5 36.6 0.76 2.0 0
3001 2014 078 24300 15.1 36.1 1.07 1.6 0
3001 2014 079 22300 15.0 38.2 0.87 1.2 0
3001 2014 080 22600 12.8 38.2 0.87 1.5 0
3001 2014 081 13800 14.8 37.2 1 1.3 0
3001 2014 082 10500 18.4 36.5 0.94 1.2 0
3001 2014 083 21100 14.1 38.5 1.31 0.9 0
3001 2014 084 11400 14.5 39.9 1.31 1.3 0
3001 2014 085 18000 15.5 40.2 1.15 1.2 0
3001 2014 086 20000 15.0 40.2 1.07 1.1 0
3001 2014 087 23800 16.3 39.4 1.31 1.3 0
3001 2014 088 25000 18.3 32.9 1.31 2.1 0
3001 2014 089 19300 14.9 35.3 1.6 1.4 0
3001 2014 090 13800 17.3 37.6 1.31 1.0 0
3001 2014 091 20800 19.4 37.3 1.5 1.4 0
3001 2014 092 23600 18.9 35.2 1.6 1.9 0
3001 2014 093 21300 20.3 36.5 1.71 1.9 0
3001 2014 094 13500 22.5 40.6 1 1.5 0
3001 2014 095 22200 19.4 40.5 1.15 1.4 0
3001 2014 096 24200 17.2 39.4 1 1.5 0
3001 2014 097 25900 17.0 36.2 1.71 1.9 0
3001 2014 098 26000 15.8 35.5 1.71 1.9 0
3001 2014 099 18800 16.2 35.7 1.71 1.9 0
3001 2014 100 26200 15.7 37.2 1.71 1.8 0
3001 2014 101 11500 16.7 39.7 1.71 1.4 0
3001 2014 102 19800 18.3 38.3 1.82 2.2 0
3001 2014 103 10200 20.6 39.5 1.82 1.4 0
3001 2014 104 14700 20.9 40.3 1.6 1.6 0
3001 2014 105 16800 22.4 41.9 1.4 1.8 0
3001 2014 106 23300 25.9 43.4 1.31 2.2 0
3001 2014 107 21300 21.5 43.6 1.5 2.0 0
3001 2014 108 21600 21.3 43.8 1.23 2.1 0
3001 2014 109 19400 23.3 42.9 1.4 2.5 0
3001 2014 110 23100 22.4 43.7 1.4 2.0 0
3001 2014 111 24900 26.1 41.7 1.07 2.5 0
3001 2014 112 23900 21.8 42.2 1.15 2.0 0
3001 2014 113 21500 23.3 43.1 1.23 1.4 0
3001 2014 114 22000 20.5 43.5 1.23 1.4 0
3001 2014 115 20100 18.8 43.7 1.31 1.4 0
3001 2014 116 22300 16.2 42.9 1.15 1.6 0
3001 2014 117 25100 17.6 43.4 1 1.3 0
3001 2014 118 23200 19.3 43.7 1.07 1.3 0
3001 2014 119 24100 21.4 43.9 1.4 1.1 0
3001 2014 120 24400 20.6 40.6 1.6 1.9 0
3001 2014 121 24800 18.7 39.8 1.82 2.0 0
3001 2014 122 25000 18.6 39.3 1.82 2.1 0
3001 2014 123 24800 18.2 39.2 1.82 2.1 0
3001 2014 124 24900 18.3 36.0 1.94 2.6 0
3001 2014 125 24100 19.2 33.8 1.94 2.6 0
3001 2014 126 25100 18.2 35.5 1.82 1.9 0
3001 2014 127 24900 18.8 39.1 1.82 1.7 0
3001 2014 128 23300 20.5 40.7 1.82 1.8 0
3001 2014 129 20600 21.9 41.5 1.94 1.8 0
3001 2014 130 23100 22.6 43.2 1.82 1.9 0
3001 2014 131 20200 22.1 42.7 1.6 1.6 0
3001 2014 132 23800 22.0 41.4 2.2 2.3 0
3001 2014 133 25100 20.8 37.7 2.07 2.8 0
3001 2014 134 24800 19.9 37.5 2.07 2.5 0
3001 2014 135 24200 20.6 36.3 2.07 2.8 0
3001 2014 136 24000 20.9 39.0 2.2 2.6 0
3001 2014 137 19700 21.3 43.0 2.07 2.1 0
3001 2014 138 25600 20.7 39.9 1.82 1.9 0
3001 2014 139 25500 19.6 35.8 1.94 1.9 0
3001 2014 140 25200 19.8 38.0 1.82 1.5 0
3001 2014 141 21600 23.8 39.4 1.5 1.9 0
3001 2014 142 25000 23.2 41.4 1.82 2.1 0
3001 2014 143 23400 24.6 43.0 1.6 2.1 0
3001 2014 144 19700 23.8 41.8 1.82 1.6 0
3001 2014 145 18200 23.4 44.9 1.6 1.7 0
3001 2014 146 14000 23.5 32.6 1.94 2.9 0
3001 2014 147 18700 22.7 40.3 1.94 1.5 0
3001 2014 148 21700 25.3 43.2 1.71 2.1 0
3001 2014 149 22900 26.1 43.7 0.87 2.5 0
3001 2014 150 15300 23.8 44.1 1 2.0 0
3001 2014 151 21400 26.7 45.2 1.82 2.1 0
3001 2014 152 20800 23.2 38.7 2.07 2.8 0
3001 2014 153 20500 26.2 39.3 1.94 2.5 0
3001 2014 154 23500 23.4 43.1 1.94 2.3 0
3001 2014 155 19900 22.1 45.0 1.71 2.0 1
3001 2014 156 20500 24.4 42.2 1.82 1.8 0
3001 2014 157 20200 24.4 41.2 2.2 2.2 0
3001 2014 158 12500 23.1 36.3 2.07 2.0 0
3001 2014 159 22300 25.1 39.1 2.2 2.8 0
3001 2014 160 16100 22.7 44.9 2.34 2.9 0
3001 2014 161 19000 26.1 42.1 2.2 1.6 0
3001 2014 162 20300 24.9 39.0 2.34 2.7 0
3001 2014 163 22600 22.5 37.0 2.2 2.6 0
3001 2014 164 23200 21.5 41.7 2.07 1.4 0
3001 2014 165 22400 23.3 41.6 1.94 1.7 0
3001 2014 166 22200 23.6 38.9 2.49 2.9 0
3001 2014 167 22900 23.1 44.5 2.2 2.4 0
3001 2014 168 22900 23.0 44.7 2.07 1.7 0
3001 2014 169 21300 23.1 39.2 2.2 2.7 0
3001 2014 170 23900 22.3 44.1 2.34 2.3 0
3001 2014 171 21100 23.8 43.5 1.94 1.3 0
3001 2014 172 21700 24.8 40.4 2.2 2.7 0
3001 2014 173 17200 23.4 44.9 2.34 3.4 0
3001 2014 174 13400 30.0 40.0 2.49 1.5 0
3001 2014 175 17500 27.0 37.3 2.34 3.1 0
3001 2014 176 21000 24.9 43.6 2.34 1.8 0
3001 2014 177 20700 26.8 45.0 2.49 2.5 0
3001 2014 178 19000 23.1 39.7 2.34 2.9 0
3001 2014 179 20900 23.2 41.6 2.34 2.8 0
3001 2014 180 22000 23.7 37.4 2.49 3.1 0
3001 2014 181 22200 24.8 40.1 2.49 2.1 0
3001 2014 182 18300 25.6 37.7 2.65 2.2 0
3001 2014 183 21600 24.5 36.6 2.65 3.0 0
3001 2014 184 20000 25.8 36.7 2.81 1.9 40
3001 2014 185 16200 23.0 32.3 2.65 1.6 0
3001 2014 186 21500 25.3 37.5 2.81 1.4 0
3001 2014 187 21700 24.3 40.2 2.49 1.7 0
3001 2014 188 18700 26.2 40.5 2.65 2.1 0
3001 2014 189 19500 25.7 37.6 2.49 1.8 0
3001 2014 190 20400 24.3 35.0 2.49 2.1 0
3001 2014 191 24000 25.0 37.6 2.65 1.3 0
3001 2014 192 24800 25.7 37.5 2.49 1.7 0
3001 2014 193 24600 25.0 41.6 2.34 2.2 0
3001 2014 194 21000 26.4 44.1 2.34 2.3 0
3001 2014 195 24000 26.6 43.3 2.2 2.2 0
3001 2014 196 16000 25.7 36.8 2.49 3.0 0
3001 2014 197 24900 24.9 37.1 2.65 2.5 0
3001 2014 198 20400 24.1 36.6 2.49 2.3 0
3001 2014 199 23400 23.2 37.6 2.49 2.8 0
3001 2014 200 25100 23.8 36.9 2.49 2.6 0
3001 2014 201 23600 23.2 38.0 2.49 1.9 0
3001 2014 202 24100 25.4 39.4 2.81 3.2 0
3001 2014 203 23300 24.7 35.3 2.65 3.6 0
3001 2014 204 22600 24.5 35.2 2.65 3.2 0
3001 2014 205 24200 25.2 36.2 2.65 2.8 0
3001 2014 206 23300 23.9 37.2 2.49 2.3 0
3001 2014 207 25100 24.8 39.3 2.81 2.4 0
3001 2014 208 26200 24.1 43.8 2.65 2.3 0
3001 2014 209 23500 23.4 43.8 2.2 1.3 0
3001 2014 210 23000 26.2 38.1 2.81 4.1 0
3001 2014 211 14300 25.5 32.6 2.65 3.3 0
3001 2014 212 25700 25.1 39.1 2.49 1.7 0
3001 2014 213 13600 23.3 36.5 2.65 1.7 10
3001 2014 214 23900 24.7 38.4 2.81 2.9 0
3001 2014 215 21000 24.7 36.7 2.65 3.0 0
3001 2014 216 24600 24.3 36.8 2.49 2.7 0
3001 2014 217 24000 25.6 36.7 2.65 2.5 0
3001 2014 218 18500 24.2 34.1 2.65 2.5 5
3001 2014 219 23700 24.8 37.7 2.81 2.8 0
3001 2014 220 23200 25.9 36.0 2.81 3.4 0
3001 2014 221 20300 25.8 35.6 2.65 2.5 0
3001 2014 222 15500 25.8 38.9 2.81 1.4 28
3001 2014 223 10300 21.3 29.3 2.49 1.8 0
3001 2014 224 24200 25.3 34.0 3.17 1.7 0
3001 2014 225 20800 23.5 35.6 2.65 1.7 0
3001 2014 226 23600 24.4 36.7 2.81 1.2 0
3001 2014 227 17900 25.4 34.8 2.81 1.6 0
3001 2014 228 22200 26.1 35.8 2.65 1.4 0
3001 2014 229 25100 26.6 37.8 2.99 1.9 0
3001 2014 230 12500 23.5 32.6 2.65 1.7 0
3001 2014 231 18100 25.3 37.1 2.99 1.6 2
3001 2014 232 20900 24.4 37.8 2.81 1.3 3
3001 2014 233 20000 24.0 37.7 2.81 1.6 0
3001 2014 234 15500 26.8 38.1 3.17 2.1 18
3001 2014 235 12100 21.5 30.6 2.49 1.8 29
3001 2014 236 11800 22.7 33.7 2.65 0.6 0
3001 2014 237 23200 25.3 36.6 2.99 0.8 0
3001 2014 238 19300 25.3 39.2 2.99 1.1 0
3001 2014 239 23200 26.4 38.7 3.17 1.7 0
3001 2014 240 20100 24.9 39.1 2.81 2.0 0
3001 2014 241 22500 26.5 36.5 2.99 1.6 0
3001 2014 242 22200 26.2 37.3 3.17 1.6 0
3001 2014 243 20400 26.8 34.9 2.99 3.0 0
3001 2014 244 23800 26.5 37.2 2.99 2.5 0
3001 2014 245 23400 26.3 38.1 2.99 2.5 0
3001 2014 246 21500 26.3 37.6 2.99 2.5 0
3001 2014 247 24600 27.8 37.9 2.49 2.5 0
3001 2014 248 23700 26.6 38.0 2.81 1.5 0
3001 2014 249 23200 27.3 37.4 2.99 3.1 0
3001 2014 250 20200 26.2 39.3 2.99 1.7 1
3001 2014 251 21200 27.1 38.7 3.17 1.3 0
3001 2014 252 11000 22.7 32.8 2.65 1.4 24
3001 2014 253 23700 25.0 38.5 3.17 1.4 0
3001 2014 254 21200 26.1 38.2 2.81 1.5 0
3001 2014 255 24100 26.4 37.2 3.17 1.6 6
3001 2014 256 19200 22.6 36.1 2.49 1.8 0
3001 2014 257 17500 25.8 36.7 3.17 1.8 0
3001 2014 258 18900 26.2 35.1 2.99 2.4 0
3001 2014 259 23100 25.2 36.2 2.81 2.2 0
3001 2014 260 17500 24.9 36.8 2.81 0.8 0
3001 2014 261 22300 26.8 38.0 3.17 1.2 0
3001 2014 262 9700 23.2 32.3 2.34 1.3 0
3001 2014 263 15800 24.8 36.3 2.81 1.0 0
3001 2014 264 14400 24.4 37.6 2.65 0.9 5
3001 2014 265 15500 21.5 35.2 2.49 1.1 1
3001 2014 266 17900 25.7 38.7 3.17 1.4 0
3001 2014 267 22400 26.9 37.4 3.17 1.6 0
3001 2014 268 23100 26.4 36.8 3.17 2.0 0
3001 2014 269 22800 26.2 38.8 2.99 1.0 0
3001 2014 270 22600 26.5 39.5 3.17 1.4 0
3001 2014 271 18700 26.2 42.8 3.17 1.9 0
3001 2014 272 16900 26.7 40.3 3.17 1.5 0
3001 2014 273 21700 27.7 40.3 3.37 1.9 0
3001 2014 274 14100 28.0 40.9 2.49 1.6 0
3001 2014 275 6400 25.9 39.5 2.49 1.0 0
3001 2014 276 16500 24.3 40.1 2.2 2.0 0
3001 2014 277 21100 27.0 38.2 3.17 1.3 0
3001 2014 278 3600 26.6 40.2 2.99 0.7 0
3001 2014 279 9600 27.1 42.0 2.99 1.9 0
3001 2014 280 14100 28.1 42.6 3.57 2.0 0
3001 2014 281 12200 26.6 39.3 2.99 1.5 0
3001 2014 282 22700 26.1 39.3 2.65 1.5 0
3001 2014 283 21200 24.5 39.6 2.49 1.6 0
3001 2014 284 8200 25.7 41.9 2.65 0.8 0
3001 2014 285 12000 24.1 45.3 2.34 2.0 0
3001 2014 286 8300 25.1 39.3 2.81 1.7 0
3001 2014 287 6300 24.5 42.7 2.65 1.2 0
3001 2014 288 7100 23.6 42.6 2.2 1.8 0
3001 2014 289 7500 24.7 40.6 2.34 1.1 0
3001 2014 290 7100 25.0 41.2 2.65 1.4 0
3001 2014 291 4200 24.1 42.0 2.49 1.3 0
3001 2014 292 3000 22.3 41.9 2.2 1.0 0
3001 2014 293 3100 23.8 41.8 2.34 1.3 0
3001 2014 294 2400 23.8 40.8 2.49 1.2 0
3001 2014 295 1800 22.9 42.5 2.2 1.5 0
3001 2014 296 12800 24.1 41.6 1.71 1.7 0
3001 2014 297 4000 24.4 40.4 2.81 1.3 0
3001 2014 298 3300 23.3 39.3 1.94 0.9 0
3001 2014 299 3400 19.6 39.4 1.6 0.4 0
3001 2014 300 3300 20.3 42.5 1.71 0.9 0
3001 2014 301 3300 21.6 40.4 1.6 0.7 0
3001 2014 302 2000 24.8 42.8 2.34 1.3 0
3001 2014 303 6100 22.9 37.9 2.49 1.2 0
3001 2014 304 11700 20.8 35.1 2.2 1.3 0
3001 2014 305 5300 21.2 36.7 2.2 1.2 0
3001 2014 306 4100 21.5 38.9 2.2 1.3 0
3001 2014 307 8700 20.8 39.8 2.07 0.8 0
3001 2014 308 7900 19.6 37.8 1.94 0.8 0
3001 2014 309 2900 18.3 37.4 1.82 0.9 0
3001 2014 310 17300 19.0 38.0 2.07 0.8 0
3001 2014 311 2200 18.8 39.3 1.82 1.1 0
3001 2014 312 13100 20.4 38.6 1.6 1.3 0
3001 2014 313 10300 20.0 37.8 1.6 0.9 0
3001 2014 314 10000 17.9 36.4 1.71 1.3 0
3001 2014 315 20200 15.4 34.6 1.15 1.0 0
3001 2014 316 8000 13.9 36.8 1.31 0.5 0
3001 2014 317 5200 14.2 38.1 1.15 0.7 0
3001 2014 318 6500 16.7 38.4 1.4 1.1 0
3001 2014 319 7300 18.1 39.1 1.15 1.0 0
3001 2014 320 4400 16.4 38.4 1.23 0.8 0
3001 2014 321 3900 17.4 35.9 1.82 1.0 0
3001 2014 322 6500 19.3 34.5 2.2 1.6 0
3001 2014 323 5800 19.7 31.8 2.2 1.2 0
3001 2014 324 12400 19.1 30.2 1.82 0.8 0
3001 2014 325 10200 16.6 32.1 1.82 1.1 0
3001 2014 326 16700 19.6 33.2 2.07 1.0 0
3001 2014 327 13900 19.3 31.6 1.6 1.0 0
3001 2014 328 17100 20.5 32.5 1.82 1.4 0
3001 2014 329 16700 20.8 36.0 1.5 1.1 0
3001 2014 330 12400 20.6 34.5 1.4 1.2 0
3001 2014 331 18300 17.5 32.0 1.23 1.3 0
3001 2014 332 19700 13.8 31.9 1.31 1.2 0
3001 2014 333 19100 13.0 30.4 1.5 1.2 0
3001 2014 334 18700 16.4 31.0 1.71 0.8 0
3001 2014 335 18900 14.4 30.3 1.5 0.8 0
3001 2014 336 12400 18.0 32.1 1.6 0.8 0
3001 2014 337 14400 18.0 32.7 1.5 0.6 0
3001 2014 338 17200 18.7 34.4 1.4 1.4 0
3001 2014 339 16800 21.6 34.2 1.23 1.9 0
3001 2014 340 15900 19.7 35.4 1.07 1.2 0
3001 2014 341 10600 20.5 32.3 1.4 0.7 0
3001 2014 342 6700 19.9 31.9 1.4 0.9 0
3001 2014 343 16500 21.7 33.0 1.07 2.0 0
3001 2014 344 13200 19.1 31.6 1 1.8 0
3001 2014 345 15200 15.5 29.9 0.61 2.5 0
3001 2014 346 16700 16.0 27.8 0.49 2.5 0
3001 2014 347 16700 11.9 28.8 0.71 1.4 0
3001 2014 348 17000 15.5 31.7 0.71 1.6 0
3001 2014 349 10800 20.6 28.3 0.71 2.5 0
3001 2014 350 18500 16.1 28.9 0.76 2.2 0
3001 2014 351 19000 15.0 29.6 0.81 1.8 0
3001 2014 352 18000 11.7 30.3 0.66 1.7 0
3001 2014 353 15800 15.0 29.7 0.61 1.9 0
3001 2014 354 16600 14.2 29.5 0.66 2.0 0
3001 2014 355 16800 10.9 30.1 0.71 1.0 0
3001 2014 356 10500 13.4 31.7 0.94 0.5 0
3001 2014 357 12800 17.4 34.3 0.68 2.3 0
3001 2014 358 16600 18.0 36.2 0.89 2.3 0
3001 2014 359 17700 20.8 36.2 0.96 2.3 0
3001 2014 360 18000 18.6 34.2 1 2.3 0
3001 2014 361 17400 16.7 30.1 0.79 2.3 0
3001 2014 362 17000 11.4 28.0 0.64 2.3 0
3001 2014 363 18000 9.6 29.8 0.58 2.3 0
3001 2014 364 14400 10.3 31.2 0.54 2.3 0
3001 2014 365 14900 12.9 30.2 0.56 2.3 0
