*---------------------------------------------------------*
*   Country: Senegal
*   Station: SEN_HUB_fanaye
*   Station #: 3001
*   Year: 2012
*   Source: AfricaRice; historical observed data (1991-1999,2006-2011, 2013,2014)
*   Author: Pepijn van Oort (AfricaRice). Original Script by Justin van Wart (University Nebraska)
*   Longitude: -14.80 (decimal degrees East)
*   Latitude: 16.53 (decimal degrees North)
*   Elevation: 11 m.
*
*  Columns:
*  ========
*  1 station number
*  2 year
*  3 day
*  4 irradiation (kJ m-2 d-1)
*  5 minimum temperature (degrees Celsius)
*  6 maximum temperature (degrees Celsius)
*  7 actual vapour pressure (kPa)   
*  8 mean wind speed (m s-1)
*  9 precipitation (mm d-1)
*
** WCCDESCRIPTION=Senegal, SEN_HUB_fanaye
** WCCFORMAT=2
** WCCYEARNR= 2012
*
* COMMENT - START
*   Filename: SEN3001.012
*   Source file: SEN_HUBHIST_Fanaye.xlsx; sheet: GYGAReady_public_propagation
*   Source file contains station data (black) and propagated data (red).
*   When station data are available these are filled in in the current file.
*   When station data are not available the method uses NASA data from the POWER database.
*   Tmin, Tmax and Tdew from the POWER database are corrected for bias based on empirical regression between POWER data and available station data.
* COMMENT - END
*---------------------------------------------------------*
-14.80  16.53  11  0  0
3001 2012 001 14700 11.0 26.6 0.77 2.3 0
3001 2012 002 17000 13.5 29.0 0.79 2.3 0
3001 2012 003 14300 13.7 32.3 0.76 2.3 0
3001 2012 004 18400 17.4 33.4 0.58 2.3 0
3001 2012 005 17100 17.1 32.3 0.77 2.3 0
3001 2012 006 18000 16.9 33.1 0.84 2.3 0
3001 2012 007 18900 15.8 32.9 0.84 2.3 0
3001 2012 008 18400 17.0 34.5 0.73 2.3 0
3001 2012 009 19400 16.3 35.5 0.72 2.3 0
3001 2012 010 18200 16.6 33.8 0.77 2.3 0
3001 2012 011 19800 16.2 35.8 0.61 2.3 0
3001 2012 012 19900 16.2 36.5 0.65 2.3 0
3001 2012 013 18700 18.0 34.7 0.54 2.3 0
3001 2012 014 17500 17.8 35.4 0.59 2.3 0
3001 2012 015 15600 19.9 32.8 0.57 2.3 0
3001 2012 016 19100 18.0 34.3 0.68 2.3 0
3001 2012 017 18500 17.7 35.1 0.73 2.3 0
3001 2012 018 19500 17.1 32.6 1.14 2.3 0
3001 2012 019 20400 14.8 29.5 0.81 2.3 0
3001 2012 020 18800 12.2 27.3 1.04 2.3 0
3001 2012 021 19700 11.4 27.6 1 2.3 0
3001 2012 022 20800 10.6 28.7 0.87 2.3 0
3001 2012 023 20200 11.9 30.3 0.82 2.3 0
3001 2012 024 20400 13.4 31.3 0.74 2.3 0
3001 2012 025 18600 13.4 32.2 0.73 2.3 0
3001 2012 026 18600 12.3 31.5 0.69 2.3 0
3001 2012 027 20200 12.2 31.6 0.67 2.3 0
3001 2012 028 20400 12.1 32.9 0.85 2.3 0
3001 2012 029 20100 15.1 34.5 0.91 2.3 0
3001 2012 030 15100 15.8 34.7 0.93 2.3 0
3001 2012 031 18100 17.7 34.7 0.84 2.3 0
3001 2012 032 12800 18.6 34.6 0.81 2.3 0
3001 2012 033 15500 19.1 34.7 1.36 2.3 0
3001 2012 034 20600 20.5 35.6 1.54 2.3 0
3001 2012 035 19500 19.1 32.0 1.06 2.3 0
3001 2012 036 20000 17.5 29.9 0.81 2.3 0
3001 2012 037 16500 16.6 32.1 0.67 2.3 0
3001 2012 038 20100 14.0 31.0 0.49 2.3 0
3001 2012 039 20900 15.1 33.2 0.72 2.3 0
3001 2012 040 22100 16.0 33.2 0.69 2.3 0
3001 2012 041 21900 15.5 33.6 0.81 2.3 0
3001 2012 042 22000 14.7 33.2 0.81 2.3 0
3001 2012 043 7200 16.1 33.8 0.74 2.3 0
3001 2012 044 14900 15.9 33.2 0.7 2.3 0
3001 2012 045 12300 15.7 34.0 0.67 2.3 0
3001 2012 046 10700 15.9 32.9 0.81 2.3 0
3001 2012 047 22100 17.7 35.1 0.89 2.3 0
3001 2012 048 22800 15.3 33.8 1 2.3 0
3001 2012 049 23200 14.8 33.5 1 2.3 0
3001 2012 050 23100 15.5 34.7 0.78 2.3 0
3001 2012 051 23800 15.0 33.8 0.6 2.3 0
3001 2012 052 22100 14.5 33.2 0.63 2.3 0
3001 2012 053 23100 14.6 32.5 0.59 2.3 0
3001 2012 054 22000 14.5 33.2 0.59 2.3 0
3001 2012 055 23000 14.5 33.7 0.61 2.3 0
3001 2012 056 23700 15.4 35.6 0.53 2.3 0
3001 2012 057 23400 17.4 38.6 0.56 2.3 0
3001 2012 058 23600 19.1 38.8 0.57 2.3 0
3001 2012 059 23700 19.8 38.5 0.71 2.3 0
3001 2012 060 24100 19.1 38.6 0.66 2.3 0
3001 2012 061 23500 19.0 38.3 0.73 2.3 0
3001 2012 062 23800 19.6 36.3 0.71 2.3 0
3001 2012 063 24400 18.1 35.8 0.59 2.3 0
3001 2012 064 25500 15.6 35.5 0.55 2.3 0
3001 2012 065 25100 14.8 35.5 0.64 2.3 0
3001 2012 066 23500 15.5 38.4 0.63 2.3 0
3001 2012 067 25100 18.4 39.3 0.62 2.3 0
3001 2012 068 24800 18.9 38.4 0.59 2.3 0
3001 2012 069 19600 18.5 38.1 0.69 2.3 0
3001 2012 070 23700 19.4 37.5 0.6 2.3 0
3001 2012 071 24600 18.8 36.1 0.6 2.3 0
3001 2012 072 25400 18.8 35.8 0.7 2.3 0
3001 2012 073 25500 17.5 36.4 0.65 2.3 0
3001 2012 074 25200 20.3 37.2 0.69 2.3 0
3001 2012 075 23900 19.2 37.3 0.65 2.3 0
3001 2012 076 25300 19.9 39.8 0.67 2.3 0
3001 2012 077 23800 21.8 40.6 0.7 2.3 0
3001 2012 078 24500 22.6 38.9 1.03 2.3 0
3001 2012 079 25700 22.4 40.4 0.94 2.3 0
3001 2012 080 22600 21.7 41.1 1.23 2.3 0
3001 2012 081 25400 18.8 39.1 1.57 2.3 0
3001 2012 082 23100 17.6 39.1 1.68 2.3 0
3001 2012 083 24000 17.4 37.1 1.64 2.3 0
3001 2012 084 24100 17.6 37.2 1.59 2.3 0
3001 2012 085 25700 17.1 37.3 1.64 2.3 0
3001 2012 086 26100 16.6 37.3 1.71 2.3 0
3001 2012 087 19200 17.1 36.6 1.81 2.3 0
3001 2012 088 5700 18.6 30.6 2.26 2.3 14
3001 2012 089 25800 19.6 37.4 1.87 2.3 0
3001 2012 090 26000 18.8 38.3 1.62 2.3 0
3001 2012 091 26200 18.9 37.7 1.66 2.3 0
3001 2012 092 26000 17.7 37.2 1.75 2.3 0
3001 2012 093 25900 18.1 36.0 1.55 2.3 0
3001 2012 094 25800 16.8 35.3 1.64 2.3 0
3001 2012 095 21300 17.8 36.6 1.31 2.3 1
3001 2012 096 26600 19.5 38.4 1.2 2.3 0
3001 2012 097 27100 19.0 38.4 1.09 2.3 0
3001 2012 098 25100 18.6 38.7 1.39 2.3 0
3001 2012 099 20900 19.6 38.3 1.42 2.3 0
3001 2012 100 25100 20.8 39.5 1.4 2.3 0
3001 2012 101 24200 23.3 40.8 1.59 2.3 0
3001 2012 102 23000 23.0 39.4 1.95 2.3 0
3001 2012 103 26000 23.8 38.1 2.08 2.3 0
3001 2012 104 26100 22.0 39.0 1.4 2.3 0
3001 2012 105 26000 21.1 39.1 1.38 2.3 0
3001 2012 106 25300 23.2 40.3 0.99 2.3 0
3001 2012 107 27000 21.0 38.8 1.02 2.3 0
3001 2012 108 27300 21.0 38.9 1.23 2.3 0
3001 2012 109 26600 18.6 36.7 1.47 2.3 0
3001 2012 110 27300 16.4 37.5 1.56 2.3 0
3001 2012 111 25300 18.1 38.5 1.54 2.3 0
3001 2012 112 26700 18.6 40.1 1.66 2.3 0
3001 2012 113 27300 19.2 41.0 1.64 2.3 0
3001 2012 114 26600 20.2 40.7 1.7 2.3 0
3001 2012 115 26600 22.2 41.0 1.56 2.3 0
3001 2012 116 27100 21.0 41.5 1.53 2.3 0
3001 2012 117 26800 21.1 41.5 1.48 2.3 0
3001 2012 118 26700 19.6 41.9 1.6 2.3 0
3001 2012 119 24000 20.9 40.7 1.39 2.3 0
3001 2012 120 26100 25.4 41.0 1.55 2.3 0
3001 2012 121 24400 25.8 41.9 1.71 2.3 0
3001 2012 122 27000 23.7 42.0 1.46 2.3 0
3001 2012 123 25300 23.0 41.8 1.57 2.3 0
3001 2012 124 27200 21.0 40.8 1.48 2.3 0
3001 2012 125 27600 23.4 42.9 1.14 2.3 0
3001 2012 126 27500 21.6 41.6 1.12 2.3 1
3001 2012 127 27800 24.6 43.1 1 2.3 0
3001 2012 128 27800 25.3 43.5 1.05 2.3 0
3001 2012 129 27600 24.5 44.4 1.19 2.3 0
3001 2012 130 27100 23.3 44.4 1.12 2.3 0
3001 2012 131 27900 23.1 42.6 1.47 2.3 0
3001 2012 132 27500 21.5 41.0 1.98 2.3 0
3001 2012 133 27800 21.0 43.3 1.91 2.3 0
3001 2012 134 27600 21.8 43.7 1.74 2.3 0
3001 2012 135 25500 22.3 40.7 1.94 2.3 0
3001 2012 136 27100 20.5 40.7 2.15 2.3 0
3001 2012 137 25300 23.8 43.3 2.09 2.3 0
3001 2012 138 24700 22.8 41.2 2.33 2.3 0
3001 2012 139 25900 26.0 42.4 2.27 2.3 0
3001 2012 140 24300 22.8 40.7 2.33 2.3 3
3001 2012 141 26100 22.7 44.4 1.64 2.3 0
3001 2012 142 27100 25.7 41.8 2.04 2.3 0
3001 2012 143 18400 23.2 41.9 2.19 2.3 0
3001 2012 144 23000 23.1 41.0 2.03 2.3 0
3001 2012 145 27200 24.0 45.5 1.75 2.3 0
3001 2012 146 25800 26.0 43.4 1.73 2.3 0
3001 2012 147 27300 22.7 41.9 2.15 2.3 0
3001 2012 148 26700 23.7 44.5 1.75 2.3 0
3001 2012 149 27800 26.3 41.3 1.16 2.3 0
3001 2012 150 28200 22.6 40.7 1.14 2.3 0
3001 2012 151 27800 20.8 41.0 1.57 2.3 0
3001 2012 152 27600 22.6 43.1 1.42 2.3 0
3001 2012 153 25300 22.9 42.5 1.76 2.3 0
3001 2012 154 18900 25.0 36.1 2.6 2.3 0
3001 2012 155 16600 23.5 41.4 1.95 2.3 0
3001 2012 156 27000 23.3 42.2 1.76 2.3 0
3001 2012 157 27700 24.6 43.1 1.48 2.3 0
3001 2012 158 27400 24.6 42.2 1.67 2.3 0
3001 2012 159 26800 22.1 41.8 2.2 2.3 0
3001 2012 160 26600 23.2 42.5 1.99 2.3 0
3001 2012 161 26600 25.4 43.4 2.13 2.3 0
3001 2012 162 25700 28.2 45.5 2.15 2.3 0
3001 2012 163 27100 28.2 44.9 1.48 2.3 0
3001 2012 164 23200 27.9 44.1 1.85 2.3 0
3001 2012 165 26300 24.5 39.0 2.54 2.3 0
3001 2012 166 26000 22.8 39.7 2.54 2.3 0
3001 2012 167 26300 23.4 41.9 2.04 2.3 0
3001 2012 168 26500 28.6 45.8 1.77 2.3 0
3001 2012 169 26500 24.7 44.3 1.91 2.3 0
3001 2012 170 26400 26.5 43.3 1.76 2.3 0
3001 2012 171 24600 23.3 43.1 1.76 2.3 0
3001 2012 172 26500 23.4 41.9 2.08 2.3 0
3001 2012 173 26500 24.6 43.0 2.08 2.3 0
3001 2012 174 26200 28.1 45.8 1.91 2.3 0
3001 2012 175 26500 27.5 41.0 2.75 2.3 0
3001 2012 176 24000 24.8 36.9 2.92 2.3 0
3001 2012 177 22600 24.2 38.3 2.78 2.3 8
3001 2012 178 26100 24.6 41.6 2.36 2.3 0
3001 2012 179 26500 25.8 42.2 2.43 2.3 0
3001 2012 180 23500 24.1 39.7 2.63 2.3 0
3001 2012 181 25400 26.3 37.6 2.86 2.3 0
3001 2012 182 25500 25.7 41.1 2.47 2.3 3
3001 2012 183 26200 23.4 39.6 2.71 2.3 0
3001 2012 184 25000 23.2 38.2 2.85 2.3 0
3001 2012 185 24800 25.9 39.5 2.73 2.3 0
3001 2012 186 25300 24.4 37.9 2.97 2.3 0
3001 2012 187 25300 24.2 40.2 2.88 2.3 0
3001 2012 188 26400 23.5 39.1 2.68 2.3 2
3001 2012 189 22100 25.2 37.9 2.85 2.3 1
3001 2012 190 24000 25.4 35.1 3.25 2.3 2
3001 2012 191 26000 23.5 39.9 2.81 2.3 16
3001 2012 192 25300 23.7 41.2 2.6 2.3 0
3001 2012 193 26200 25.3 39.4 2.68 2.3 0
3001 2012 194 18100 26.3 38.8 2.93 2.3 0
3001 2012 195 18200 24.8 38.9 3.04 2.3 0
3001 2012 196 25900 24.0 38.4 2.9 2.3 0
3001 2012 197 24900 23.8 38.3 2.83 2.3 0
3001 2012 198 25600 24.6 39.5 2.85 2.3 0
3001 2012 199 25200 25.8 37.8 2.93 2.3 0
3001 2012 200 25500 25.4 38.0 3.02 2.3 0
3001 2012 201 24600 24.1 38.0 2.95 2.3 0
3001 2012 202 25800 24.4 39.5 2.86 2.3 0
3001 2012 203 18600 25.8 35.8 3.08 2.3 26
3001 2012 204 23900 24.1 38.8 3.08 2.3 0
3001 2012 205 20600 24.6 35.0 3.35 2.3 4
3001 2012 206 26000 25.1 36.4 3.21 2.3 0
3001 2012 207 25600 24.3 35.2 3.29 2.3 0
3001 2012 208 25300 24.4 36.4 3.29 2.3 0
3001 2012 209 25100 25.6 37.7 3.29 2.3 0
3001 2012 210 26000 24.9 41.5 2.81 2.3 12
3001 2012 211 26100 23.6 41.5 2.8 2.3 0
3001 2012 212 25700 25.5 34.9 3.15 2.3 0
3001 2012 213 24800 25.2 33.6 3.41 2.3 0
3001 2012 214 16800 24.8 32.1 3.49 2.3 2
3001 2012 215 24200 23.6 36.3 3.31 2.3 0
3001 2012 216 24300 23.1 37.0 3.31 2.3 3
3001 2012 217 24000 23.6 34.0 3.41 2.3 3
3001 2012 218 25600 23.3 36.3 3.25 2.3 0
3001 2012 219 25200 24.4 32.9 3.47 2.3 0
3001 2012 220 22700 23.6 32.0 3.55 2.3 0
3001 2012 221 25500 23.2 38.0 3.08 2.3 0
3001 2012 222 20400 23.4 37.0 3.06 2.3 0
3001 2012 223 25800 22.2 38.5 3.06 2.3 0
3001 2012 224 21900 24.3 35.0 3.39 2.3 22
3001 2012 225 25400 23.4 34.2 3.47 2.3 39
3001 2012 226 24900 23.5 33.6 3.43 2.3 10
3001 2012 227 14700 23.3 30.1 3.61 2.3 13
3001 2012 228 23300 22.0 34.7 3.43 2.3 0
3001 2012 229 24800 23.7 34.0 3.41 2.3 0
3001 2012 230 23200 23.5 32.6 3.66 2.3 0
3001 2012 231 12400 23.4 31.4 3.7 2.3 39
3001 2012 232 25500 22.6 36.0 3.29 2.3 0
3001 2012 233 25800 23.3 34.6 3.41 2.3 0
3001 2012 234 22200 23.3 32.3 3.53 2.3 0
3001 2012 235 24600 22.4 32.5 3.47 2.3 0
3001 2012 236 21000 22.3 37.0 3.29 2.3 1
3001 2012 237 24700 23.5 32.9 3.29 2.3 0
3001 2012 238 15000 23.6 31.4 3.66 2.3 0
3001 2012 239 23800 23.3 32.5 3.64 2.3 4
3001 2012 240 24100 23.4 36.6 3.27 2.3 0
3001 2012 241 25700 22.7 36.8 3.29 2.3 0
3001 2012 242 25100 23.8 35.4 3.37 2.3 0
3001 2012 243 25100 23.5 37.7 3.45 2.3 0
3001 2012 244 25200 24.2 33.3 3.47 2.3 19
3001 2012 245 20700 22.9 32.9 3.47 2.3 18
3001 2012 246 24000 23.3 31.9 3.57 2.3 0
3001 2012 247 23300 21.9 35.8 3.41 2.3 0
3001 2012 248 17500 24.3 32.2 3.47 2.3 14
3001 2012 249 24700 23.5 31.4 3.57 2.3 0
3001 2012 250 24700 23.4 35.5 3.33 2.3 8
3001 2012 251 22600 23.4 32.1 3.64 2.3 0
3001 2012 252 24600 22.6 31.9 3.66 2.3 0
3001 2012 253 24900 23.5 34.1 3.53 2.3 0
3001 2012 254 24600 22.7 32.4 3.66 2.3 0
3001 2012 255 24900 23.0 33.6 3.53 2.3 0
3001 2012 256 21500 24.4 38.1 3.1 2.3 0
3001 2012 257 25100 23.4 39.9 3.25 2.3 0
3001 2012 258 24800 23.8 34.2 3.61 2.3 0
3001 2012 259 24200 23.5 34.3 3.51 2.3 0
3001 2012 260 25100 23.3 38.8 3.23 2.3 0
3001 2012 261 25500 22.9 40.7 2.34 2.3 0
3001 2012 262 15900 23.6 34.7 3.45 2.3 0
3001 2012 263 21600 23.4 33.3 3.39 2.3 0
3001 2012 264 24400 23.1 35.4 3.29 2.3 0
3001 2012 265 23800 23.0 35.9 3.27 2.3 0
3001 2012 266 17400 22.9 30.1 3.68 2.3 8
3001 2012 267 21300 22.7 30.7 3.66 2.3 1
3001 2012 268 23700 22.4 32.2 3.55 2.3 4
3001 2012 269 23900 23.3 33.6 3.39 2.3 0
3001 2012 270 23700 23.4 34.7 3.57 2.3 0
3001 2012 271 23900 23.7 38.4 3.35 2.3 0
3001 2012 272 23300 24.6 36.5 3.27 2.3 46
3001 2012 273 19300 24.3 35.3 3.23 2.3 0
3001 2012 274 22500 22.6 34.2 3.39 2.3 0
3001 2012 275 20100 23.4 38.9 2.71 2.3 0
3001 2012 276 23900 23.8 40.0 2.38 2.3 0
3001 2012 277 22300 23.2 36.0 3.39 2.3 1
3001 2012 278 23400 23.0 36.4 3.27 2.3 0
3001 2012 279 23000 23.6 33.1 3.47 2.3 0
3001 2012 280 23300 23.2 34.0 3.43 2.3 0
3001 2012 281 23500 24.0 40.4 2.88 2.3 0
3001 2012 282 23500 23.2 35.3 3.33 2.3 0
3001 2012 283 22000 22.7 36.6 3.23 2.3 0
3001 2012 284 20800 22.7 34.7 3.43 2.3 2
3001 2012 285 19300 23.4 33.0 3.53 2.3 3
3001 2012 286 22100 23.5 35.1 3.29 2.3 0
3001 2012 287 22600 23.4 39.0 2.66 2.3 0
3001 2012 288 22600 22.8 39.2 2.92 2.3 0
3001 2012 289 22600 22.1 38.6 2.65 2.3 0
3001 2012 290 22600 21.7 39.1 2.57 2.3 0
3001 2012 291 22300 21.6 38.3 2.49 2.3 0
3001 2012 292 21900 21.0 37.7 2.49 2.3 0
3001 2012 293 22100 21.0 36.7 2.49 2.3 0
3001 2012 294 21800 22.6 36.5 2.75 2.3 0
3001 2012 295 17900 22.4 34.2 3.29 2.3 0
3001 2012 296 21500 23.0 34.4 3.19 2.3 0
3001 2012 297 21600 23.4 38.9 3.02 2.3 0
3001 2012 298 22100 23.9 39.5 2.38 2.3 0
3001 2012 299 22100 23.8 39.5 2.01 2.3 0
3001 2012 300 22000 22.4 39.3 1.84 2.3 0
3001 2012 301 21900 23.3 38.8 2 2.3 0
3001 2012 302 21800 21.0 38.7 1.94 2.3 0
3001 2012 303 20800 21.3 38.9 1.78 2.3 0
3001 2012 304 21200 22.2 39.3 2.04 2.3 0
3001 2012 305 21300 20.7 37.7 2.36 2.3 0
3001 2012 306 21300 20.6 39.4 2 2.3 0
3001 2012 307 21100 21.7 39.5 2.23 2.3 0
3001 2012 308 21600 22.7 39.3 1.62 2.3 0
3001 2012 309 21400 22.4 39.5 1.88 2.3 0
3001 2012 310 18100 22.1 38.9 2.36 2.3 0
3001 2012 311 20600 20.9 38.7 2.57 2.3 0
3001 2012 312 20700 21.0 37.1 2.33 2.3 0
3001 2012 313 20600 21.8 38.0 1.78 2.3 0
3001 2012 314 20100 23.3 37.3 2.37 2.3 0
3001 2012 315 19800 23.2 37.4 2.85 2.3 0
3001 2012 316 20000 21.8 37.3 1.61 2.3 0
3001 2012 317 19700 21.4 36.5 1.58 2.3 0
3001 2012 318 20000 19.8 37.2 1.49 2.3 0
3001 2012 319 18900 19.6 36.3 1.48 2.3 0
3001 2012 320 19500 19.4 36.5 1.8 2.3 0
3001 2012 321 19400 20.7 38.2 1.81 2.3 0
3001 2012 322 19500 21.8 37.9 1.91 2.3 0
3001 2012 323 19400 21.9 36.7 1.71 2.3 0
3001 2012 324 19300 21.3 37.9 1.85 2.3 0
3001 2012 325 19200 21.3 37.4 1.78 2.3 0
3001 2012 326 18300 21.1 37.4 1.85 2.3 0
3001 2012 327 19200 21.0 37.7 1.6 2.3 0
3001 2012 328 19700 20.2 37.0 1.38 2.3 0
3001 2012 329 18000 18.5 37.5 1.8 2.3 0
3001 2012 330 12800 18.3 34.0 2.21 2.3 1
3001 2012 331 19100 18.8 35.3 2.11 2.3 0
3001 2012 332 18600 19.3 35.3 2.12 2.3 0
3001 2012 333 14700 19.6 34.6 2.37 2.3 0
3001 2012 334 15400 20.5 34.4 2.09 2.3 0
3001 2012 335 17300 20.2 32.2 1.61 2.3 0
3001 2012 336 9000 17.4 31.0 1.24 2.3 0
3001 2012 337 18000 16.3 31.2 1.21 2.3 0
3001 2012 338 11200 16.3 28.3 1.13 2.3 0
3001 2012 339 8200 15.1 29.9 0.77 2.3 0
3001 2012 340 18400 15.4 30.6 0.82 2.3 0
3001 2012 341 19600 14.2 31.8 0.77 2.3 0
3001 2012 342 19800 15.1 33.6 0.81 2.3 0
3001 2012 343 19700 14.2 34.3 0.79 2.3 0
3001 2012 344 19600 14.1 33.6 0.74 2.3 0
3001 2012 345 19500 16.1 34.6 0.87 2.3 0
3001 2012 346 19500 16.1 35.6 1.04 2.3 0
3001 2012 347 19200 15.2 33.4 1.47 2.3 0
3001 2012 348 19200 14.3 33.0 0.96 2.3 0
3001 2012 349 18200 13.7 32.1 0.74 2.3 0
3001 2012 350 19900 11.8 31.0 0.64 2.3 0
3001 2012 351 20300 10.7 30.3 0.59 2.3 0
3001 2012 352 20000 10.5 29.9 0.6 2.3 0
3001 2012 353 19500 10.7 32.7 0.67 2.3 0
3001 2012 354 19600 15.2 35.2 0.76 2.3 0
3001 2012 355 19800 15.1 34.3 0.75 2.3 0
3001 2012 356 20100 14.6 33.3 0.67 2.3 0
3001 2012 357 19400 13.8 34.6 0.72 2.3 0
3001 2012 358 19400 16.6 35.5 0.6 2.3 0
3001 2012 359 13100 16.4 36.0 0.61 2.3 0
3001 2012 360 19500 17.2 35.9 0.53 2.3 0
3001 2012 361 19400 16.3 34.9 0.64 2.3 0
3001 2012 362 19500 14.8 32.1 0.9 2.3 0
3001 2012 363 19900 13.5 32.9 0.77 2.3 0
3001 2012 364 19800 13.2 30.6 0.76 2.3 0
3001 2012 365 16800 12.7 29.2 0.86 2.3 0
3001 2012 366 15800 13.2 29.2 0.81 2.3 0
