*---------------------------------------------------------*
*   Country: Senegal
*   Station: SEN_HUB_fanaye
*   Station #: 3001
*   Year: 1993
*   Source: AfricaRice; historical observed data (1991-1999,2006-2011, 2013,2014)
*   Author: Pepijn van Oort (AfricaRice). Original Script by Justin van Wart (University Nebraska)
*   Longitude: -14.80 (decimal degrees East)
*   Latitude: 16.53 (decimal degrees North)
*   Elevation: 11 m.
*
*  Columns:
*  ========
*  1 station number
*  2 year
*  3 day
*  4 irradiation (kJ m-2 d-1)
*  5 minimum temperature (degrees Celsius)
*  6 maximum temperature (degrees Celsius)
*  7 actual vapour pressure (kPa)   
*  8 mean wind speed (m s-1)
*  9 precipitation (mm d-1)
*
** WCCDESCRIPTION=Senegal, SEN_HUB_fanaye
** WCCFORMAT=2
** WCCYEARNR= 1993
*
* COMMENT - START
*   Filename: SEN3001.993
*   Source file: SEN_HUBHIST_Fanaye.xlsx; sheet: GYGAReady_public_propagation
*   Source file contains station data (black) and propagated data (red).
*   When station data are available these are filled in in the current file.
*   When station data are not available the method uses NASA data from the POWER database.
*   Tmin, Tmax and Tdew from the POWER database are corrected for bias based on empirical regression between POWER data and available station data.
* COMMENT - END
*---------------------------------------------------------*
-14.80  16.53  11  0  0
3001 1993 001 7400 20.3 31.5 1.94 2.3 -99
3001 1993 002 6900 19.8 25.5 1.94 2.3 -99
3001 1993 003 6900 18.0 28.0 1.71 2.3 -99
3001 1993 004 7200 20.6 26.5 0.87 2.3 -99
3001 1993 005 7100 18.0 28.9 1.15 2.3 -99
3001 1993 006 13800 17.8 28.0 0.61 2.3 -99
3001 1993 007 7000 17.0 25.0 0.36 2.3 -99
3001 1993 008 7000 17.5 25.1 0.39 2.3 -99
3001 1993 009 7000 19.7 25.6 1.71 2.3 -99
3001 1993 010 7000 15.4 27.0 1.4 2.3 -99
3001 1993 011 7100 16.3 28.6 0.61 2.3 -99
3001 1993 012 10100 16.3 28.7 0.53 2.3 -99
3001 1993 013 9700 16.9 30.4 0.53 2.3 -99
3001 1993 014 12600 18.9 32.5 0.71 2.3 -99
3001 1993 015 8400 18.3 30.5 0.49 2.3 -99
3001 1993 016 16200 19.0 32.7 0.66 2.3 -99
3001 1993 017 19700 16.6 32.5 0.53 2.3 -99
3001 1993 018 19900 15.2 32.5 0.61 2.3 -99
3001 1993 019 19400 16.5 33.7 0.61 2.3 -99
3001 1993 020 17600 16.3 33.0 0.61 2.3 -99
3001 1993 021 18500 15.3 32.5 1 2.3 -99
3001 1993 022 17900 16.8 32.5 0.71 2.3 -99
3001 1993 023 18300 18.8 36.5 0.66 2.3 -99
3001 1993 024 16800 18.0 37.1 0.61 2.3 -99
3001 1993 025 17100 20.0 37.9 0.53 2.3 -99
3001 1993 026 17300 19.3 35.1 0.57 2.3 -99
3001 1993 027 15600 18.7 31.0 0.53 2.3 -99
3001 1993 028 10100 17.8 28.0 0.45 2.3 -99
3001 1993 029 20000 14.4 29.5 0.45 2.3 -99
3001 1993 030 18400 14.1 30.5 0.57 2.3 -99
3001 1993 031 15300 14.8 30.0 0.66 2.3 -99
3001 1993 032 9300 17.2 28.5 0.71 2.3 -99
3001 1993 033 18800 19.0 30.8 1 2.3 -99
3001 1993 034 21300 14.9 29.0 1.15 2.3 -99
3001 1993 035 20900 14.9 29.4 0.81 2.3 -99
3001 1993 036 21400 15.6 31.5 0.76 2.3 -99
3001 1993 037 20900 15.3 31.5 0.66 2.3 -99
3001 1993 038 18400 16.0 32.2 0.66 2.3 -99
3001 1993 039 11500 19.0 32.5 0.61 2.3 -99
3001 1993 040 17700 21.0 37.3 0.76 2.3 -99
3001 1993 041 15800 23.3 38.5 0.76 2.3 -99
3001 1993 042 7900 24.7 34.5 0.53 2.3 -99
3001 1993 043 11200 23.0 36.0 0.71 2.3 -99
3001 1993 044 20800 21.2 37.0 0.61 2.3 -99
3001 1993 045 18700 20.3 33.3 0.57 2.3 -99
3001 1993 046 18900 18.6 34.5 0.61 2.3 -99
3001 1993 047 17800 18.0 36.0 0.61 2.3 -99
3001 1993 048 16500 18.8 36.6 0.87 2.3 -99
3001 1993 049 17000 22.1 35.6 1.07 2.3 -99
3001 1993 050 20600 19.2 35.4 1.23 2.3 -99
3001 1993 051 20900 19.6 37.0 1.07 2.3 -99
3001 1993 052 18100 22.2 33.0 1.4 2.3 -99
3001 1993 053 22500 15.5 28.4 1.5 2.3 -99
3001 1993 054 23000 15.0 28.2 1.31 2.3 -99
3001 1993 055 23300 14.5 31.1 1.5 2.3 -99
3001 1993 056 23300 16.1 35.5 0.76 2.3 -99
3001 1993 057 22900 20.0 36.8 0.71 2.3 -99
3001 1993 058 23100 19.0 36.2 0.71 2.3 -99
3001 1993 059 23200 18.1 31.4 0.87 2.3 -99
3001 1993 060 23500 15.9 32.5 1.31 2.3 -99
3001 1993 061 23000 17.4 35.5 0.76 2.3 -99
3001 1993 062 22900 16.8 34.0 0.94 2.3 -99
3001 1993 063 22400 17.7 31.4 1.15 2.3 -99
3001 1993 064 22600 17.6 35.0 1.4 2.3 -99
3001 1993 065 23300 20.8 36.5 1.4 2.3 -99
3001 1993 066 22200 21.1 35.5 1 2.3 -99
3001 1993 067 21600 19.5 34.7 1 2.3 -99
3001 1993 068 23800 18.7 35.4 0.94 2.3 -99
3001 1993 069 24100 16.8 35.4 1.07 2.3 -99
3001 1993 070 24000 16.7 34.6 1.15 2.3 -99
3001 1993 071 23600 17.8 36.4 0.81 2.3 -99
3001 1993 072 19700 18.6 37.5 0.94 2.3 -99
3001 1993 073 18100 20.1 39.0 0.61 2.3 -99
3001 1993 074 15300 22.6 36.5 1.4 2.3 -99
3001 1993 075 14400 17.6 30.0 1.5 2.3 -99
3001 1993 076 15400 19.8 34.7 1.6 2.3 -99
3001 1993 077 22300 21.5 35.5 1.6 2.3 -99
3001 1993 078 17300 22.6 41.7 1.5 2.3 -99
3001 1993 079 9000 29.5 40.1 1.82 2.3 -99
3001 1993 080 9300 25.8 37.5 0.57 2.3 -99
3001 1993 081 18900 24.8 39.9 0.53 2.3 -99
3001 1993 082 21300 21.8 40.0 0.45 2.3 -99
3001 1993 083 22000 22.8 41.5 0.71 2.3 -99
3001 1993 084 23800 22.0 42.1 0.71 2.3 -99
3001 1993 085 24300 21.5 43.0 0.87 2.3 -99
3001 1993 086 24400 23.0 42.0 1.31 2.3 -99
3001 1993 087 24600 23.6 40.0 1.07 2.3 -99
3001 1993 088 24100 19.9 37.7 1.6 2.3 -99
3001 1993 089 24500 19.1 37.8 1.6 2.3 -99
3001 1993 090 25400 18.0 38.5 1.23 2.3 -99
3001 1993 091 24100 20.1 40.0 1.31 2.3 -99
3001 1993 092 18800 22.1 38.4 1.23 2.3 -99
3001 1993 093 17000 28.0 39.4 2.2 2.3 -99
3001 1993 094 23300 19.6 37.5 1.6 2.3 -99
3001 1993 095 23600 19.0 40.0 1.82 2.3 -99
3001 1993 096 22100 23.2 40.5 1.15 2.3 -99
3001 1993 097 21400 25.0 42.5 1.5 2.3 -99
3001 1993 098 17400 25.7 42.5 1.6 2.3 -99
3001 1993 099 19300 24.8 41.6 0.76 2.3 -99
3001 1993 100 22000 25.0 42.1 0.76 2.3 -99
3001 1993 101 9500 26.5 40.5 0.71 2.3 -99
3001 1993 102 19500 27.1 42.0 1.71 2.3 -99
3001 1993 103 21600 20.6 37.8 1.82 2.3 -99
3001 1993 104 24900 17.3 38.5 1.71 2.3 -99
3001 1993 105 23300 22.3 40.0 1.71 2.3 -99
3001 1993 106 23200 23.3 40.2 1.4 2.3 -99
3001 1993 107 23400 25.7 39.5 0.87 2.3 -99
3001 1993 108 26800 22.9 39.5 1.07 2.3 -99
3001 1993 109 26300 20.0 40.0 1.15 2.3 -99
3001 1993 110 26200 19.3 39.3 1.71 2.3 -99
3001 1993 111 26000 18.0 36.4 1.71 2.3 -99
3001 1993 112 13100 18.7 31.4 1.71 2.3 -99
3001 1993 113 25000 19.5 36.4 1.71 2.3 -99
3001 1993 114 25000 19.2 39.0 1.6 2.3 -99
3001 1993 115 23700 24.5 39.9 1 2.3 -99
3001 1993 116 25700 23.2 39.1 1.15 2.3 -99
3001 1993 117 26200 22.9 39.4 1.15 2.3 -99
3001 1993 118 26400 21.0 39.8 1.6 2.3 -99
3001 1993 119 26800 22.1 41.1 1.5 2.3 -99
3001 1993 120 17600 24.9 42.0 1.31 2.3 -99
3001 1993 121 18900 26.1 43.0 1.31 2.3 -99
3001 1993 122 9700 26.6 35.3 1.71 2.3 -99
3001 1993 123 9700 26.0 34.0 1.71 2.3 -99
3001 1993 124 17800 23.9 34.1 1.71 2.3 -99
3001 1993 125 9700 24.8 35.7 1 2.3 -99
3001 1993 126 23100 24.3 41.5 1.07 2.3 -99
3001 1993 127 23600 25.6 42.3 1.07 2.3 -99
3001 1993 128 16600 25.4 42.5 1.4 2.3 -99
3001 1993 129 23100 24.0 39.5 1.5 2.3 -99
3001 1993 130 22000 24.0 41.7 1.31 2.3 -99
3001 1993 131 19300 24.9 41.5 1.4 2.3 -99
3001 1993 132 20500 28.0 44.4 1.15 2.3 -99
3001 1993 133 22900 28.5 44.2 1.23 2.3 -99
3001 1993 134 20300 24.5 43.4 1.4 2.3 -99
3001 1993 135 24100 24.8 41.5 1.6 2.3 -99
3001 1993 136 22300 27.0 44.7 1.5 2.3 -99
3001 1993 137 22300 29.7 47.0 1.5 2.3 -99
3001 1993 138 9700 32.0 44.1 1.82 2.3 -99
3001 1993 139 22400 25.0 43.5 1.71 2.3 -99
3001 1993 140 22600 26.5 43.5 1.71 2.3 -99
3001 1993 141 21500 28.3 42.7 1.15 2.3 -99
3001 1993 142 22700 27.8 42.6 1.23 2.3 -99
3001 1993 143 22700 24.6 43.1 1.71 2.3 -99
3001 1993 144 24200 25.0 42.0 1.71 2.3 -99
3001 1993 145 24200 21.7 41.8 1.71 2.3 -99
3001 1993 146 24900 23.1 41.0 1.82 2.3 -99
3001 1993 147 21600 23.5 43.0 1.71 2.3 -99
3001 1993 148 17800 27.8 43.5 1.31 2.3 -99
3001 1993 149 26000 27.7 43.0 1.6 2.3 -99
3001 1993 150 26300 26.1 43.0 1.4 2.3 -99
3001 1993 151 26700 25.3 44.6 1.6 2.3 -99
3001 1993 152 20500 24.6 44.0 1.15 2.3 -99
3001 1993 153 25500 23.9 44.5 1.6 2.3 -99
3001 1993 154 25000 23.4 44.9 1.71 2.3 -99
3001 1993 155 25600 24.3 42.6 1.94 2.3 -99
3001 1993 156 21200 23.4 38.4 2.2 2.3 -99
3001 1993 157 21400 23.3 38.5 2.34 2.3 -99
3001 1993 158 25100 21.8 41.0 2.2 2.3 -99
3001 1993 159 26200 21.1 41.5 1.94 2.3 -99
3001 1993 160 24200 22.4 41.5 2.07 2.3 -99
3001 1993 161 13400 24.7 40.0 2.34 2.3 -99
3001 1993 162 17500 26.8 44.4 2.07 2.3 -99
3001 1993 163 9900 32.2 44.0 1.6 2.3 -99
3001 1993 164 23400 24.5 44.4 2.07 2.3 -99
3001 1993 165 23000 23.5 44.0 1.94 2.3 -99
3001 1993 166 11200 22.9 43.4 2.07 2.3 -99
3001 1993 167 21200 24.6 41.5 2.34 2.3 -99
3001 1993 168 22800 25.9 42.2 2.07 2.3 -99
3001 1993 169 9700 25.2 37.4 2.65 2.3 -99
3001 1993 170 22200 24.7 39.4 2.65 2.3 -99
3001 1993 171 17700 27.7 40.1 2.34 2.3 -99
3001 1993 172 22400 24.0 38.8 2.49 2.3 -99
3001 1993 173 20900 24.5 43.5 2.65 2.3 -99
3001 1993 174 20900 26.0 39.5 2.49 2.3 -99
3001 1993 175 22700 24.9 39.6 2.65 2.3 -99
3001 1993 176 13700 24.0 40.0 2.65 2.3 -99
3001 1993 177 23100 24.8 41.4 2.65 2.3 -99
3001 1993 178 10000 25.0 37.8 2.65 2.3 -99
3001 1993 179 20600 25.3 38.0 2.34 2.3 -99
3001 1993 180 17700 25.2 36.8 2.34 2.3 -99
3001 1993 181 22200 25.8 39.4 2.49 2.3 -99
3001 1993 182 20900 26.0 41.4 2.65 2.3 -99
3001 1993 183 17300 23.8 36.2 2.49 2.3 -99
3001 1993 184 22100 24.0 37.4 2.49 2.3 -99
3001 1993 185 23300 23.2 41.4 2.49 2.3 -99
3001 1993 186 21300 24.7 42.2 2.2 2.3 -99
3001 1993 187 20100 28.0 41.3 2.49 2.3 -99
3001 1993 188 17100 26.1 39.5 2.65 2.3 -99
3001 1993 189 17300 25.5 37.4 2.49 2.3 -99
3001 1993 190 24900 25.6 38.4 2.65 2.3 -99
3001 1993 191 16100 25.6 37.4 2.65 2.3 -99
3001 1993 192 18200 24.4 40.4 2.65 2.3 -99
3001 1993 193 15200 25.5 37.5 2.65 2.3 -99
3001 1993 194 24200 26.6 39.9 2.65 2.3 -99
3001 1993 195 9700 26.0 37.4 2.65 2.3 -99
3001 1993 196 9700 24.8 35.5 2.65 2.3 -99
3001 1993 197 20500 24.3 38.0 2.34 2.3 -99
3001 1993 198 23200 26.0 39.5 2.65 2.3 -99
3001 1993 199 21400 27.0 39.5 2.49 2.3 -99
3001 1993 200 20500 25.2 41.0 2.81 2.3 -99
3001 1993 201 17900 24.9 38.8 2.65 2.3 -99
3001 1993 202 20600 24.8 37.4 2.65 2.3 -99
3001 1993 203 20600 25.2 37.0 2.81 2.3 -99
3001 1993 204 17200 25.2 35.6 2.49 2.3 -99
3001 1993 205 23800 26.0 40.5 3.17 2.3 -99
3001 1993 206 14900 24.0 35.7 2.65 2.3 -99
3001 1993 207 25500 24.4 38.0 2.81 2.3 -99
3001 1993 208 18400 25.7 37.4 2.81 2.3 -99
3001 1993 209 23200 25.5 39.4 2.81 2.3 -99
3001 1993 210 23500 27.9 38.4 2.81 2.3 -99
3001 1993 211 14800 24.0 38.0 2.49 2.3 -99
3001 1993 212 25500 27.1 39.6 2.81 2.3 -99
3001 1993 213 23500 26.4 40.5 2.99 2.3 -99
3001 1993 214 24000 25.8 40.0 2.81 2.3 -99
3001 1993 215 23400 25.4 38.5 2.81 2.3 -99
3001 1993 216 16100 21.9 36.0 2.49 2.3 -99
3001 1993 217 25200 25.5 38.4 2.99 2.3 -99
3001 1993 218 26100 26.2 39.2 2.99 2.3 -99
3001 1993 219 24600 27.5 40.5 2.81 2.3 -99
3001 1993 220 24800 25.9 40.2 2.99 2.3 -99
3001 1993 221 22000 27.0 38.1 2.99 2.3 -99
3001 1993 222 22500 26.6 37.4 2.99 2.3 -99
3001 1993 223 17200 27.0 37.6 2.99 2.3 -99
3001 1993 224 15200 24.5 31.4 2.81 2.3 -99
3001 1993 225 26100 24.0 34.4 2.81 2.3 -99
3001 1993 226 22600 24.5 36.4 2.99 2.3 -99
3001 1993 227 24100 25.1 36.3 2.99 2.3 -99
3001 1993 228 12600 22.8 30.2 2.81 2.3 -99
3001 1993 229 26500 23.0 34.5 2.81 2.3 -99
3001 1993 230 19100 25.5 34.5 2.99 2.3 -99
3001 1993 231 19700 26.0 37.8 2.81 2.3 -99
3001 1993 232 25900 25.9 38.2 2.99 2.3 -99
3001 1993 233 26700 22.9 37.4 2.34 2.3 -99
3001 1993 234 19800 25.3 39.0 2.81 2.3 -99
3001 1993 235 21000 27.0 37.6 3.17 2.3 -99
3001 1993 236 19000 25.2 36.5 2.81 2.3 -99
3001 1993 237 25300 26.0 37.4 2.65 2.3 -99
3001 1993 238 16000 23.4 34.0 2.81 2.3 -99
3001 1993 239 25500 24.2 34.0 2.99 2.3 -99
3001 1993 240 25100 26.1 36.4 3.17 2.3 -99
3001 1993 241 22000 22.0 34.2 2.49 2.3 -99
3001 1993 242 21500 25.5 38.8 3.17 2.3 -99
3001 1993 243 18000 22.8 37.0 2.65 2.3 -99
3001 1993 244 17400 24.0 35.0 2.65 2.3 -99
3001 1993 245 17500 23.2 34.5 2.81 2.3 -99
3001 1993 246 15700 24.9 32.9 2.99 2.3 -99
3001 1993 247 17000 23.6 32.5 2.81 2.3 -99
3001 1993 248 24700 24.3 34.2 2.81 2.3 -99
3001 1993 249 18800 23.1 35.5 2.81 2.3 -99
3001 1993 250 21800 24.5 36.5 2.81 2.3 -99
3001 1993 251 20300 23.8 34.7 2.81 2.3 -99
3001 1993 252 23100 24.7 37.4 2.81 2.3 -99
3001 1993 253 17500 26.1 36.4 2.99 2.3 -99
3001 1993 254 17600 26.0 35.0 3.17 2.3 -99
3001 1993 255 22500 26.1 37.3 3.17 2.3 -99
3001 1993 256 22700 25.8 39.8 2.81 2.3 -99
3001 1993 257 23700 24.0 37.9 2.65 2.3 -99
3001 1993 258 22900 24.5 36.8 2.81 2.3 -99
3001 1993 259 24600 25.7 39.3 2.81 2.3 -99
3001 1993 260 24200 24.8 41.5 2.34 2.3 -99
3001 1993 261 20100 28.0 42.1 2.2 2.3 -99
3001 1993 262 21200 28.2 37.4 2.81 2.3 -99
3001 1993 263 20300 25.5 41.2 2.99 2.3 -99
3001 1993 264 22500 27.6 39.4 3.17 2.3 -99
3001 1993 265 10800 27.2 34.5 3.57 2.3 -99
3001 1993 266 20300 22.0 32.4 2.65 2.3 -99
3001 1993 267 24300 25.5 36.3 2.99 2.3 -99
3001 1993 268 18500 24.6 39.3 2.65 2.3 -99
3001 1993 269 21400 26.2 35.4 2.99 2.3 -99
3001 1993 270 17200 24.6 35.5 2.81 2.3 -99
3001 1993 271 9900 23.9 31.3 2.81 2.3 -99
3001 1993 272 23400 24.6 36.8 2.99 2.3 -99
3001 1993 273 22300 23.5 38.3 2.34 2.3 -99
3001 1993 274 21100 25.0 39.5 2.07 2.3 -99
3001 1993 275 19900 24.9 39.7 2.65 2.3 -99
3001 1993 276 20100 27.1 38.0 2.81 2.3 -99
3001 1993 277 22000 26.0 38.8 2.81 2.3 -99
3001 1993 278 21600 25.0 41.2 2.99 2.3 -99
3001 1993 279 21100 24.8 42.0 2.81 2.3 -99
3001 1993 280 20900 26.8 38.4 3.17 2.3 -99
3001 1993 281 22900 25.1 39.8 2.81 2.3 -99
3001 1993 282 21500 25.0 41.4 2.65 2.3 -99
3001 1993 283 21500 25.8 42.4 1.82 2.3 -99
3001 1993 284 21800 26.7 42.2 1.94 2.3 -99
3001 1993 285 9800 26.0 34.3 2.81 2.3 -99
3001 1993 286 18100 23.8 37.3 2.49 2.3 -99
3001 1993 287 19800 23.0 41.0 2.65 2.3 -99
3001 1993 288 18200 24.0 40.4 2.2 2.3 -99
3001 1993 289 18100 24.0 39.0 2.07 2.3 -99
3001 1993 290 21000 24.2 40.8 2.07 2.3 -99
3001 1993 291 23400 22.0 42.4 2.2 2.3 -99
3001 1993 292 22900 23.5 40.5 2.65 2.3 -99
3001 1993 293 22700 24.2 39.5 2.34 2.3 -99
3001 1993 294 22000 21.0 40.0 2.2 2.3 -99
3001 1993 295 22800 22.0 39.4 1.94 2.3 -99
3001 1993 296 22700 20.0 35.4 1.94 2.3 -99
3001 1993 297 21100 18.0 36.2 1.94 2.3 -99
3001 1993 298 21500 20.0 37.5 1.5 2.3 -99
3001 1993 299 20200 22.2 37.1 1.82 2.3 -99
3001 1993 300 11900 22.7 33.2 2.07 2.3 -99
3001 1993 301 16900 24.1 37.2 2.07 2.3 -99
3001 1993 302 12700 25.0 33.0 2.49 2.3 -99
3001 1993 303 21700 22.3 35.6 2.07 2.3 -99
3001 1993 304 18900 22.5 35.8 1.94 2.3 -99
3001 1993 305 19200 22.8 36.1 2.2 2.3 -99
3001 1993 306 16700 24.0 36.5 1.94 2.3 -99
3001 1993 307 19300 24.2 37.5 1.94 2.3 -99
3001 1993 308 20300 23.2 38.6 2.2 2.3 -99
3001 1993 309 18100 24.0 41.1 2.07 2.3 -99
3001 1993 310 20800 25.0 37.9 1.94 2.3 -99
3001 1993 311 17500 24.2 38.2 2.07 2.3 -99
3001 1993 312 9200 24.7 30.7 2.81 2.3 -99
3001 1993 313 18500 20.0 34.4 2.07 2.3 -99
3001 1993 314 19500 21.2 33.6 1.4 2.3 -99
3001 1993 315 19200 20.1 30.5 1.23 2.3 -99
3001 1993 316 17300 17.1 29.5 0.94 2.3 -99
3001 1993 317 20800 15.6 30.2 1 2.3 -99
3001 1993 318 21100 16.3 31.4 1.23 2.3 -99
3001 1993 319 20000 17.4 33.8 1.23 2.3 -99
3001 1993 320 18300 19.0 35.1 1.15 2.3 -99
3001 1993 321 20400 20.0 35.3 1.15 2.3 -99
3001 1993 322 16000 22.0 35.2 1.23 2.3 -99
3001 1993 323 16600 21.2 34.5 1.31 2.3 -99
3001 1993 324 20100 17.3 36.4 1.5 2.3 -99
3001 1993 325 12100 22.1 34.5 1.4 2.3 -99
3001 1993 326 14500 22.0 33.1 1.94 2.3 -99
3001 1993 327 19700 21.0 31.4 1.94 2.3 -99
3001 1993 328 12900 19.8 28.3 1.5 2.3 -99
3001 1993 329 18200 18.1 29.4 1.15 2.3 -99
3001 1993 330 18600 19.0 31.5 1.07 2.3 -99
3001 1993 331 19300 17.8 31.5 1 2.3 -99
3001 1993 332 18500 17.2 31.5 0.76 2.3 -99
3001 1993 333 18000 16.9 32.0 0.76 2.3 -99
3001 1993 334 18800 14.1 30.9 0.61 2.3 -99
3001 1993 335 17400 15.3 30.0 0.71 2.3 -99
3001 1993 336 18400 15.5 30.2 0.87 2.3 -99
3001 1993 337 20200 13.5 33.3 0.66 2.3 -99
3001 1993 338 18100 15.4 30.8 0.71 2.3 -99
3001 1993 339 18200 15.0 31.5 0.71 2.3 -99
3001 1993 340 18600 16.5 31.5 0.71 2.3 -99
3001 1993 341 19100 16.0 31.8 0.71 2.3 -99
3001 1993 342 19000 15.0 34.2 0.81 2.3 -99
3001 1993 343 12500 16.5 34.5 1 2.3 -99
3001 1993 344 12200 18.0 32.0 1 2.3 -99
3001 1993 345 9900 19.6 33.5 1.23 2.3 -99
3001 1993 346 17100 20.1 36.8 1.15 2.3 -99
3001 1993 347 17300 21.0 35.8 1 2.3 -99
3001 1993 348 19100 18.6 34.4 0.94 2.3 -99
3001 1993 349 18900 18.4 33.4 0.94 2.3 -99
3001 1993 350 17800 17.0 29.1 1.07 2.3 -99
3001 1993 351 18500 15.0 32.6 0.76 2.3 -99
3001 1993 352 18100 15.8 31.5 0.76 2.3 -99
3001 1993 353 13700 16.6 29.3 0.76 2.3 -99
3001 1993 354 18300 15.8 30.0 0.76 2.3 -99
3001 1993 355 11200 16.0 30.4 0.87 2.3 -99
3001 1993 356 17200 22.0 32.5 1.5 2.3 -99
3001 1993 357 17800 15.7 34.2 1 2.3 -99
3001 1993 358 16600 17.0 34.4 0.87 2.3 -99
3001 1993 359 14600 17.9 32.5 0.87 2.3 -99
3001 1993 360 17600 19.0 31.2 0.87 2.3 -99
3001 1993 361 13100 19.0 29.4 0.87 2.3 -99
3001 1993 362 18200 17.0 29.3 0.71 2.3 -99
3001 1993 363 17000 14.7 29.5 0.81 2.3 -99
3001 1993 364 11000 14.8 28.4 0.76 2.3 -99
3001 1993 365 17500 13.8 29.3 0.66 2.3 -99
