*---------------------------------------------------------*
*   Country: Senegal
*   Station: SEN_HUB_fanaye
*   Station #: 3001
*   Year: 1996
*   Source: AfricaRice; historical observed data (1991-1999,2006-2011, 2013,2014)
*   Author: Pepijn van Oort (AfricaRice). Original Script by Justin van Wart (University Nebraska)
*   Longitude: -14.80 (decimal degrees East)
*   Latitude: 16.53 (decimal degrees North)
*   Elevation: 11 m.
*
*  Columns:
*  ========
*  1 station number
*  2 year
*  3 day
*  4 irradiation (kJ m-2 d-1)
*  5 minimum temperature (degrees Celsius)
*  6 maximum temperature (degrees Celsius)
*  7 actual vapour pressure (kPa)   
*  8 mean wind speed (m s-1)
*  9 precipitation (mm d-1)
*
** WCCDESCRIPTION=Senegal, SEN_HUB_fanaye
** WCCFORMAT=2
** WCCYEARNR= 1996
*
* COMMENT - START
*   Filename: SEN3001.996
*   Source file: SEN_HUBHIST_Fanaye.xlsx; sheet: GYGAReady_public_propagation
*   Source file contains station data (black) and propagated data (red).
*   When station data are available these are filled in in the current file.
*   When station data are not available the method uses NASA data from the POWER database.
*   Tmin, Tmax and Tdew from the POWER database are corrected for bias based on empirical regression between POWER data and available station data.
* COMMENT - END
*---------------------------------------------------------*
-14.80  16.53  11  0  0
3001 1996 001 20200 8.6 36.1 1.48 2.3 -99
3001 1996 002 20600 13.1 36.1 1.37 2.3 -99
3001 1996 003 19300 14.7 37.0 0.97 2.3 -99
3001 1996 004 19700 14.6 37.4 1.01 2.3 -99
3001 1996 005 15500 13.3 37.1 1.04 2.3 -99
3001 1996 006 19700 14.1 37.2 1.01 2.3 -99
3001 1996 007 20300 11.3 36.7 1.07 2.3 -99
3001 1996 008 20500 10.2 36.7 1.04 2.3 -99
3001 1996 009 20600 10.4 37.1 0.97 2.3 -99
3001 1996 010 21200 11.1 36.8 1.02 2.3 -99
3001 1996 011 20200 11.3 34.6 1.3 2.3 -99
3001 1996 012 20500 16.4 32.0 1.04 2.3 -99
3001 1996 013 20100 13.0 31.0 1.03 2.3 -99
3001 1996 014 20700 10.7 32.8 1.13 2.3 -99
3001 1996 015 18000 12.3 33.5 1.04 2.3 -99
3001 1996 016 21200 10.0 31.3 1.63 2.3 -99
3001 1996 017 20700 11.4 28.4 1.47 2.3 -99
3001 1996 018 17800 11.2 28.1 1.28 2.3 -99
3001 1996 019 19900 11.0 29.9 1.31 2.3 -99
3001 1996 020 19900 13.2 31.0 1.18 2.3 -99
3001 1996 021 20500 15.4 29.7 1.2 2.3 -99
3001 1996 022 20700 12.1 32.4 1.3 2.3 -99
3001 1996 023 18100 15.2 35.0 1.35 2.3 -99
3001 1996 024 20400 14.5 35.0 1.5 2.3 -99
3001 1996 025 20100 15.8 34.0 1.24 2.3 -99
3001 1996 026 18800 16.9 29.3 1.14 2.3 -99
3001 1996 027 20500 13.8 33.5 1.15 2.3 -99
3001 1996 028 20000 12.8 33.5 1.45 2.3 -99
3001 1996 029 20300 14.9 35.4 1.44 2.3 -99
3001 1996 030 20000 15.0 37.9 1.52 2.3 -99
3001 1996 031 20100 15.9 38.9 1.55 2.3 -99
3001 1996 032 20500 19.3 38.9 1.58 2.3 -99
3001 1996 033 21400 16.1 38.8 1.57 2.3 -99
3001 1996 034 20500 16.5 39.8 1.65 2.3 -99
3001 1996 035 18900 18.8 29.1 1.38 2.3 -99
3001 1996 036 20100 16.4 32.7 1.17 2.3 -99
3001 1996 037 19900 18.4 35.7 0.97 2.3 -99
3001 1996 038 21000 19.7 37.1 0.88 2.3 -99
3001 1996 039 22900 16.6 34.8 0.95 2.3 -99
3001 1996 040 23500 14.0 35.0 1 2.3 -99
3001 1996 041 23400 10.8 35.4 0.97 2.3 -99
3001 1996 042 23800 11.5 37.0 1 2.3 -99
3001 1996 043 22200 19.0 32.9 1.2 2.3 -99
3001 1996 044 23200 16.5 32.1 0.97 2.3 -99
3001 1996 045 21600 11.7 34.9 0.85 2.3 -99
3001 1996 046 20300 17.8 32.8 0.87 2.3 -99
3001 1996 047 22600 14.5 35.8 0.98 2.3 -99
3001 1996 048 23000 16.9 36.2 1.2 2.3 -99
3001 1996 049 13100 18.3 32.5 1.46 2.3 -99
3001 1996 050 14800 19.0 35.1 1.24 2.3 -99
3001 1996 051 12200 24.1 33.4 1.17 2.3 -99
3001 1996 052 17100 22.5 35.6 1.3 2.3 -99
3001 1996 053 21800 16.3 38.9 1.01 2.3 -99
3001 1996 054 23800 16.5 40.4 0.97 2.3 -99
3001 1996 055 22300 21.6 40.3 1.2 2.3 -99
3001 1996 056 22500 18.3 40.6 1.36 2.3 -99
3001 1996 057 22600 18.6 35.9 1.36 2.3 -99
3001 1996 058 22400 19.3 33.5 1.04 2.3 -99
3001 1996 059 22500 18.4 31.8 0.72 2.3 -99
3001 1996 060 26000 15.1 33.4 0.8 2.3 -99
3001 1996 061 25900 14.5 33.7 0.63 2.3 -99
3001 1996 062 20900 14.7 33.8 0.94 2.3 -99
3001 1996 063 19500 16.0 35.8 1.33 2.3 -99
3001 1996 064 14100 18.4 30.7 1.51 2.3 -99
3001 1996 065 16200 17.0 28.7 1.85 2.3 -99
3001 1996 066 8100 18.4 25.8 2.03 2.3 -99
3001 1996 067 16200 18.8 30.2 1.74 2.3 -99
3001 1996 068 23200 16.9 31.1 1.52 2.3 -99
3001 1996 069 2900 20.2 33.6 1.4 2.3 -99
3001 1996 070 7300 21.6 33.8 1.28 2.3 -99
3001 1996 071 13300 19.6 31.3 1.5 2.3 -99
3001 1996 072 24700 16.3 30.5 1.41 2.3 -99
3001 1996 073 24700 12.4 31.0 1.1 2.3 -99
3001 1996 074 24100 13.8 31.8 1.15 2.3 -99
3001 1996 075 26500 15.1 32.8 1.11 2.3 -99
3001 1996 076 25900 15.1 34.5 0.97 2.3 -99
3001 1996 077 25100 17.9 36.0 1.08 2.3 -99
3001 1996 078 26300 19.0 37.0 1.07 2.3 -99
3001 1996 079 25000 19.8 37.4 1.21 2.3 -99
3001 1996 080 22000 19.9 37.4 1.49 2.3 -99
3001 1996 081 22500 21.9 37.4 1.81 2.3 -99
3001 1996 082 21800 22.0 38.6 1.51 2.3 -99
3001 1996 083 22600 21.4 38.9 1.3 2.3 -99
3001 1996 084 24800 22.2 39.0 1.28 2.3 -99
3001 1996 085 26200 21.2 38.8 1 2.3 -99
3001 1996 086 23800 21.9 39.6 1.27 2.3 -99
3001 1996 087 23300 23.3 40.3 1.41 2.3 -99
3001 1996 088 27200 21.1 39.8 0.77 2.3 -99
3001 1996 089 24900 19.4 40.6 0.74 2.3 -99
3001 1996 090 26100 20.1 40.8 0.77 2.3 -99
3001 1996 091 23200 18.9 42.0 0.75 2.3 -99
3001 1996 092 26600 20.2 42.4 0.79 2.3 -99
3001 1996 093 25700 19.0 43.1 0.83 2.3 -99
3001 1996 094 26900 18.5 42.3 0.92 2.3 -99
3001 1996 095 26700 20.7 42.3 0.94 2.3 -99
3001 1996 096 26900 18.5 42.5 0.92 2.3 -99
3001 1996 097 26400 20.9 42.8 0.87 2.3 -99
3001 1996 098 22800 21.8 41.7 1.02 2.3 -99
3001 1996 099 25900 20.5 42.3 0.97 2.3 -99
3001 1996 100 26800 23.1 41.1 1.01 2.3 -99
3001 1996 101 27600 19.7 41.5 1.05 2.3 -99
3001 1996 102 26500 19.8 40.7 1.01 2.3 -99
3001 1996 103 27500 19.4 39.5 1.17 2.3 -99
3001 1996 104 23600 20.0 37.5 1.55 2.3 -99
3001 1996 105 26500 19.2 35.0 1.38 2.3 -99
3001 1996 106 25800 17.4 35.4 1.02 2.3 -99
3001 1996 107 26800 17.8 39.2 1.04 2.3 -99
3001 1996 108 27200 18.2 41.1 1.06 2.3 -99
3001 1996 109 27000 18.8 41.6 0.95 2.3 -99
3001 1996 110 27000 21.0 42.3 1.13 2.3 -99
3001 1996 111 26600 19.8 41.0 1.07 2.3 -99
3001 1996 112 25800 19.2 38.1 1.5 2.3 -99
3001 1996 113 25700 17.4 34.2 1.57 2.3 -99
3001 1996 114 27400 16.9 35.2 1.28 2.3 -99
3001 1996 115 26800 17.8 37.8 1.36 2.3 -99
3001 1996 116 26300 20.0 39.7 1.51 2.3 -99
3001 1996 117 25900 22.2 41.8 1.24 2.3 -99
3001 1996 118 23300 21.8 41.0 1.28 2.3 -99
3001 1996 119 26200 21.7 40.2 1.37 2.3 -99
3001 1996 120 26600 21.5 40.5 1.21 2.3 -99
3001 1996 121 27900 20.4 40.1 1.1 2.3 -99
3001 1996 122 27700 18.0 42.2 1.31 2.3 -99
3001 1996 123 26200 21.7 41.5 1.38 2.3 -99
3001 1996 124 27900 21.0 42.2 1.47 2.3 -99
3001 1996 125 26100 23.0 41.1 1.55 2.3 -99
3001 1996 126 22400 25.7 40.6 1.57 2.3 -99
3001 1996 127 27800 23.4 42.7 1.39 2.3 -99
3001 1996 128 27000 26.2 43.9 1.15 2.3 -99
3001 1996 129 26700 27.9 44.7 1.24 2.3 -99
3001 1996 130 24500 23.9 42.5 1.31 2.3 -99
3001 1996 131 24700 21.6 37.9 1.35 2.3 -99
3001 1996 132 25300 21.4 40.3 1.26 2.3 -99
3001 1996 133 26100 22.5 41.9 1.19 2.3 -99
3001 1996 134 26700 23.9 43.4 1.18 2.3 -99
3001 1996 135 23800 25.3 41.8 1.59 2.3 -99
3001 1996 136 24600 23.9 43.5 1.67 2.3 -99
3001 1996 137 25900 21.9 40.7 1.56 2.3 -99
3001 1996 138 26900 20.4 42.3 1.48 2.3 -99
3001 1996 139 25400 22.3 43.9 1.36 2.3 -99
3001 1996 140 22000 26.6 42.6 1.59 2.3 -99
3001 1996 141 25200 26.5 43.0 1.61 2.3 -99
3001 1996 142 25300 24.9 44.0 1.46 2.3 -99
3001 1996 143 25800 23.7 41.5 1.3 2.3 -99
3001 1996 144 26400 21.7 41.7 1.21 2.3 -99
3001 1996 145 26800 20.8 40.9 1.61 2.3 -99
3001 1996 146 26700 19.1 38.5 1.81 2.3 -99
3001 1996 147 26300 19.6 40.9 1.99 2.3 -99
3001 1996 148 22100 21.2 39.9 2.15 2.3 -99
3001 1996 149 23800 24.6 41.9 1.7 2.3 -99
3001 1996 150 21900 24.2 40.0 1.47 2.3 -99
3001 1996 151 25700 21.6 37.8 1.32 2.3 -99
3001 1996 152 25400 19.9 40.1 1.41 2.3 -99
3001 1996 153 22900 23.1 41.7 1.59 2.3 -99
3001 1996 154 24600 28.1 45.8 1.6 2.3 -99
3001 1996 155 25500 29.3 43.4 1.78 2.3 -99
3001 1996 156 25600 24.9 39.6 1.57 2.3 -99
3001 1996 157 25800 20.6 36.7 1.55 2.3 -99
3001 1996 158 26600 19.4 37.9 1.66 2.3 -99
3001 1996 159 24200 20.4 37.7 1.91 2.3 -99
3001 1996 160 21100 21.4 33.3 2.27 2.3 -99
3001 1996 161 26400 21.6 36.8 2.28 2.3 -99
3001 1996 162 25700 21.3 36.9 2.58 2.3 -99
3001 1996 163 24800 21.4 37.6 2.58 2.3 -99
3001 1996 164 22900 21.8 37.7 2.15 2.3 -99
3001 1996 165 24700 21.9 40.0 2.04 2.3 -99
3001 1996 166 23600 23.0 39.7 2.81 2.3 -99
3001 1996 167 23200 26.2 41.2 3.25 2.3 -99
3001 1996 168 16600 23.0 35.7 2.34 2.3 -99
3001 1996 169 24000 23.1 42.1 1.38 2.3 -99
3001 1996 170 24800 25.6 42.1 1.6 2.3 -99
3001 1996 171 25800 26.3 44.8 1.42 2.3 -99
3001 1996 172 26600 26.7 43.1 1.35 2.3 -99
3001 1996 173 26100 24.5 43.8 1.47 2.3 -99
3001 1996 174 25700 23.8 43.4 1.62 2.3 -99
3001 1996 175 24100 23.5 44.7 1.71 2.3 -99
3001 1996 176 25600 24.9 41.3 2 2.3 -99
3001 1996 177 24700 24.8 38.2 1.77 2.3 -99
3001 1996 178 26300 23.6 40.6 1.36 2.3 -99
3001 1996 179 26200 21.6 37.5 1.54 2.3 -99
3001 1996 180 26000 21.2 41.4 1.53 2.3 -99
3001 1996 181 22100 23.1 46.2 2.81 2.3 -99
3001 1996 182 22900 27.2 40.2 3.66 2.3 -99
3001 1996 183 20700 22.0 33.5 2.81 2.3 -99
3001 1996 184 23600 23.5 35.3 2.51 2.3 -99
3001 1996 185 24000 22.6 36.5 3.08 2.3 -99
3001 1996 186 23700 24.1 37.7 2.81 2.3 -99
3001 1996 187 24000 26.3 41.1 1.7 2.3 -99
3001 1996 188 22600 24.1 41.7 1.81 2.3 -99
3001 1996 189 23700 24.1 36.6 2.46 2.3 -99
3001 1996 190 24400 23.4 36.6 2.17 2.3 -99
3001 1996 191 25100 24.2 36.8 2.09 2.3 -99
3001 1996 192 21500 24.3 37.9 1.96 2.3 -99
3001 1996 193 24300 24.7 40.9 1.72 2.3 -99
3001 1996 194 20300 24.1 34.4 2.27 2.3 -99
3001 1996 195 22200 23.3 34.7 2.36 2.3 -99
3001 1996 196 24500 22.6 36.1 2.46 2.3 -99
3001 1996 197 24500 22.9 36.8 2.38 2.3 -99
3001 1996 198 24700 23.8 39.2 2.08 2.3 -99
3001 1996 199 25000 23.8 41.1 2.15 2.3 -99
3001 1996 200 24700 26.0 40.7 2.6 2.3 -99
3001 1996 201 13800 23.0 35.7 2.13 2.3 -99
3001 1996 202 24900 24.4 41.5 2.19 2.3 -99
3001 1996 203 24900 24.7 38.5 2.63 2.3 -99
3001 1996 204 22800 25.6 37.8 2.88 2.3 -99
3001 1996 205 23700 25.2 38.1 3.19 2.3 -99
3001 1996 206 18600 26.1 35.5 3.15 2.3 -99
3001 1996 207 18200 26.2 36.1 2.85 2.3 -99
3001 1996 208 20400 24.5 35.8 2.76 2.3 -99
3001 1996 209 22400 25.5 38.4 2.52 2.3 -99
3001 1996 210 23200 25.3 36.7 2.6 2.3 -99
3001 1996 211 22400 24.7 36.5 3.14 2.3 -99
3001 1996 212 22500 23.6 37.3 3.39 2.3 -99
3001 1996 213 22500 24.1 35.1 3.68 2.3 -99
3001 1996 214 15900 25.7 34.1 3.53 2.3 -99
3001 1996 215 23700 25.3 35.5 3.43 2.3 -99
3001 1996 216 21200 24.0 36.2 3.27 2.3 -99
3001 1996 217 25200 23.2 33.0 3.15 2.3 -99
3001 1996 218 23800 24.7 33.9 2.81 2.3 -99
3001 1996 219 20400 24.0 33.9 3.49 2.3 -99
3001 1996 220 21100 24.7 34.5 3.59 2.3 -99
3001 1996 221 18600 24.7 37.0 3.66 2.3 -99
3001 1996 222 17500 24.9 35.4 3.31 2.3 -99
3001 1996 223 24700 25.8 39.4 2.47 2.3 -99
3001 1996 224 25400 25.6 39.0 2.81 2.3 -99
3001 1996 225 19200 25.5 34.4 3.68 2.3 -99
3001 1996 226 22500 26.5 36.4 3.25 2.3 -99
3001 1996 227 21700 25.7 37.6 2.88 2.3 -99
3001 1996 228 17700 22.0 31.8 2.37 2.3 -99
3001 1996 229 23800 24.1 33.9 2.88 2.3 -99
3001 1996 230 13200 24.0 31.8 3.37 2.3 -99
3001 1996 231 24700 23.8 35.1 2.95 2.3 -99
3001 1996 232 21600 25.9 34.2 3.12 2.3 -99
3001 1996 233 23900 24.8 35.2 3.29 2.3 -99
3001 1996 234 22900 22.9 34.9 3.43 2.3 -99
3001 1996 235 13000 23.0 32.1 3.17 2.3 -99
3001 1996 236 24500 22.4 34.0 2.63 2.3 -99
3001 1996 237 25100 25.3 34.7 2.92 2.3 -99
3001 1996 238 15100 24.9 31.8 2.97 2.3 -99
3001 1996 239 24400 24.0 34.8 3.1 2.3 -99
3001 1996 240 20100 21.4 34.1 3.47 2.3 -99
3001 1996 241 24700 22.5 35.2 3.39 2.3 -99
3001 1996 242 23400 25.8 35.7 3.21 2.3 -99
3001 1996 243 23300 26.1 34.3 2.97 2.3 -99
3001 1996 244 23600 25.1 34.7 2.86 2.3 -99
3001 1996 245 20200 22.9 36.0 2.34 2.3 -99
3001 1996 246 23500 24.8 37.1 2.2 2.3 -99
3001 1996 247 21500 24.1 36.5 3.55 2.3 -99
3001 1996 248 22000 23.8 33.4 3.57 2.3 -99
3001 1996 249 22100 24.4 33.2 3.53 2.3 -99
3001 1996 250 24600 24.9 36.6 3.23 2.3 -99
3001 1996 251 21400 23.1 35.6 2.97 2.3 -99
3001 1996 252 23400 24.1 33.7 3.21 2.3 -99
3001 1996 253 25200 24.7 36.6 3.47 2.3 -99
3001 1996 254 22300 26.3 38.8 2.33 2.3 -99
3001 1996 255 24200 24.6 39.6 1.96 2.3 -99
3001 1996 256 25700 21.9 35.7 2.07 2.3 -99
3001 1996 257 25600 22.2 34.3 2.24 2.3 -99
3001 1996 258 24900 21.7 35.3 2.38 2.3 -99
3001 1996 259 22600 23.8 37.1 3.51 2.3 -99
3001 1996 260 23800 24.0 36.3 3.21 2.3 -99
3001 1996 261 22800 23.9 37.9 2.88 2.3 -99
3001 1996 262 23000 26.3 40.3 2.6 2.3 -99
3001 1996 263 22600 27.0 42.8 2.44 2.3 -99
3001 1996 264 22700 25.6 37.8 2.81 2.3 -99
3001 1996 265 21000 24.6 36.2 2.68 2.3 -99
3001 1996 266 23400 25.0 38.0 2.28 2.3 -99
3001 1996 267 23900 24.6 39.3 2.3 2.3 -99
3001 1996 268 22300 25.2 37.3 2.38 2.3 -99
3001 1996 269 22300 26.4 40.2 1.85 2.3 -99
3001 1996 270 20100 21.4 34.1 1.96 2.3 -99
3001 1996 271 24700 22.5 35.2 2.76 2.3 -99
3001 1996 272 23400 25.8 35.7 3.02 2.3 -99
3001 1996 273 23300 26.1 34.3 2.44 2.3 -99
3001 1996 274 23600 25.1 34.7 2.36 2.3 -99
3001 1996 275 21300 25.4 38.2 2.9 2.3 -99
3001 1996 276 22200 25.9 39.2 3.39 2.3 -99
3001 1996 277 22800 26.2 39.4 3.51 2.3 -99
3001 1996 278 23400 25.5 40.3 3.47 2.3 -99
3001 1996 279 23200 23.4 41.5 3.14 2.3 -99
3001 1996 280 23200 24.1 41.6 3.06 2.3 -99
3001 1996 281 20400 22.8 35.4 2.47 2.3 -99
3001 1996 282 22200 23.3 38.7 2.57 2.3 -99
3001 1996 283 11100 25.9 33.8 2.58 2.3 -99
3001 1996 284 17400 26.0 40.8 2 2.3 -99
3001 1996 285 20000 24.3 39.8 1.63 2.3 -99
3001 1996 286 18000 26.8 37.9 1.57 2.3 -99
3001 1996 287 21400 26.0 40.0 1.63 2.3 -99
3001 1996 288 22100 22.9 39.9 1.62 2.3 -99
3001 1996 289 22400 22.2 40.3 2.37 2.3 -99
3001 1996 290 22800 21.2 41.4 2.75 2.3 -99
3001 1996 291 22300 22.7 41.2 2.17 2.3 -99
3001 1996 292 22100 22.5 39.3 1.66 2.3 -99
3001 1996 293 21900 23.6 39.1 1.53 2.3 -99
3001 1996 294 19700 22.3 36.7 1.52 2.3 -99
3001 1996 295 22400 21.9 36.1 1.36 2.3 -99
3001 1996 296 22400 17.2 37.3 1.25 2.3 -99
3001 1996 297 21300 17.8 37.8 0.98 2.3 -99
3001 1996 298 20700 20.1 38.8 1.16 2.3 -99
3001 1996 299 20900 20.2 38.9 1.47 2.3 -99
3001 1996 300 20800 23.5 37.7 1.64 2.3 -99
3001 1996 301 21500 22.1 36.6 1.27 2.3 -99
3001 1996 302 20200 17.5 36.8 1.1 2.3 -99
3001 1996 303 19000 18.7 39.3 0.9 2.3 -99
3001 1996 304 20100 19.8 40.2 1.17 2.3 -99
3001 1996 305 9500 26.0 34.8 1.24 2.3 -99
3001 1996 306 17600 23.7 38.8 1.19 2.3 -99
3001 1996 307 18000 22.3 39.7 1.13 2.3 -99
3001 1996 308 21500 16.5 38.5 0.88 2.3 -99
3001 1996 309 20500 16.8 38.6 0.8 2.3 -99
3001 1996 310 17900 20.9 38.5 1.02 2.3 -99
3001 1996 311 18400 20.4 38.7 1.13 2.3 -99
3001 1996 312 17000 22.3 39.0 1.42 2.3 -99
3001 1996 313 17300 23.5 38.6 1.51 2.3 -99
3001 1996 314 18400 24.7 39.4 1.07 2.3 -99
3001 1996 315 19500 21.4 39.6 0.97 2.3 -99
3001 1996 316 19800 20.8 39.5 0.98 2.3 -99
3001 1996 317 19800 20.7 39.0 0.98 2.3 -99
3001 1996 318 19300 19.1 38.2 0.95 2.3 -99
3001 1996 319 19900 19.6 38.2 1 2.3 -99
3001 1996 320 12800 18.3 38.9 1.28 2.3 -99
3001 1996 321 20400 19.0 38.3 1.51 2.3 -99
3001 1996 322 21000 19.3 38.7 1.29 2.3 -99
3001 1996 323 20500 16.2 38.0 1.25 2.3 -99
3001 1996 324 20700 15.4 38.6 1.07 2.3 -99
3001 1996 325 20400 16.4 37.4 1.09 2.3 -99
3001 1996 326 20400 15.2 36.5 0.87 2.3 -99
3001 1996 327 21100 14.0 36.5 1 2.3 -99
3001 1996 328 20800 13.9 36.2 0.85 2.3 -99
3001 1996 329 18800 13.8 36.3 0.8 2.3 -99
3001 1996 330 18900 16.6 36.1 1.04 2.3 -99
3001 1996 331 19200 15.0 35.8 0.9 2.3 -99
3001 1996 332 15600 16.1 35.0 0.82 2.3 -99
3001 1996 333 17600 15.2 36.3 0.82 2.3 -99
3001 1996 334 8100 18.0 30.7 0.76 2.3 -99
3001 1996 335 13700 20.1 31.2 0.84 2.3 -99
3001 1996 336 13900 17.4 33.6 1.11 2.3 -99
3001 1996 337 12800 20.0 26.3 1.1 2.3 -99
3001 1996 338 16800 19.1 24.5 0.8 2.3 -99
3001 1996 339 14900 18.6 27.0 0.69 2.3 -99
3001 1996 340 17700 15.8 29.1 0.75 2.3 -99
3001 1996 341 17800 16.6 31.2 0.72 2.3 -99
3001 1996 342 17700 15.4 31.0 1.12 2.3 -99
3001 1996 343 15900 15.7 30.8 1.04 2.3 -99
3001 1996 344 10100 19.0 28.4 1.04 2.3 -99
3001 1996 345 9800 20.1 28.1 1.14 2.3 -99
3001 1996 346 16600 15.9 30.0 1.17 2.3 -99
3001 1996 347 16300 16.7 31.5 1.2 2.3 -99
3001 1996 348 13600 21.0 31.8 1.24 2.3 -99
3001 1996 349 16100 22.0 36.3 0.9 2.3 -99
3001 1996 350 14800 18.6 35.7 0.68 2.3 -99
3001 1996 351 15000 17.7 33.6 0.72 2.3 -99
3001 1996 352 15000 16.2 34.7 0.63 2.3 -99
3001 1996 353 14200 18.7 35.1 0.71 2.3 -99
3001 1996 354 14700 16.7 34.8 1.14 2.3 -99
3001 1996 355 15000 17.0 34.1 1.63 2.3 -99
3001 1996 356 14900 17.9 32.1 1.78 2.3 -99
3001 1996 357 14700 18.1 30.4 1.99 2.3 -99
3001 1996 358 15200 16.9 30.0 1.9 2.3 -99
3001 1996 359 19700 16.4 33.2 1.57 2.3 -99
3001 1996 360 17000 17.1 34.2 1.46 2.3 -99
3001 1996 361 13400 14.7 35.7 1.2 2.3 -99
3001 1996 362 13200 17.3 35.3 0.86 2.3 -99
3001 1996 363 6700 18.6 33.8 1.06 2.3 -99
3001 1996 364 11300 20.7 33.8 1.35 2.3 -99
3001 1996 365 14800 18.9 33.9 1.44 2.3 -99
3001 1996 366 14600 17.8 34.6 1.36 2.3 -99
