*---------------------------------------------------------*
*   Country: Senegal
*   Station: SEN_HUB_fanaye
*   Station #: 3001
*   Year: 1991
*   Source: AfricaRice; historical observed data (1991-1999,2006-2011, 2013,2014)
*   Author: Pepijn van Oort (AfricaRice). Original Script by Justin van Wart (University Nebraska)
*   Longitude: -14.80 (decimal degrees East)
*   Latitude: 16.53 (decimal degrees North)
*   Elevation: 11 m.
*
*  Columns:
*  ========
*  1 station number
*  2 year
*  3 day
*  4 irradiation (kJ m-2 d-1)
*  5 minimum temperature (degrees Celsius)
*  6 maximum temperature (degrees Celsius)
*  7 actual vapour pressure (kPa)   
*  8 mean wind speed (m s-1)
*  9 precipitation (mm d-1)
*
** WCCDESCRIPTION=Senegal, SEN_HUB_fanaye
** WCCFORMAT=2
** WCCYEARNR= 1991
*
* COMMENT - START
*   Filename: SEN3001.991
*   Source file: SEN_HUBHIST_Fanaye.xlsx; sheet: GYGAReady_public_propagation
*   Source file contains station data (black) and propagated data (red).
*   When station data are available these are filled in in the current file.
*   When station data are not available the method uses NASA data from the POWER database.
*   Tmin, Tmax and Tdew from the POWER database are corrected for bias based on empirical regression between POWER data and available station data.
* COMMENT - END
*---------------------------------------------------------*
-14.80  16.53  11  0  0
3001 1991 001 8500 12.5 30.0 1.01 2.3 -99
3001 1991 002 14900 20.5 30.0 0.83 2.3 -99
3001 1991 003 17000 14.5 31.5 0.74 2.3 -99
3001 1991 004 18600 12.5 31.0 0.89 2.3 -99
3001 1991 005 15300 13.5 29.5 0.86 2.3 -99
3001 1991 006 15500 13.5 29.5 0.79 2.3 -99
3001 1991 007 19200 15.5 28.0 0.92 2.3 -99
3001 1991 008 12600 16.5 25.5 0.94 2.3 -99
3001 1991 009 8600 18.0 24.5 0.92 2.3 -99
3001 1991 010 19800 15.0 30.5 0.97 2.3 -99
3001 1991 011 12700 15.5 30.0 1.1 2.3 -99
3001 1991 012 14000 17.5 30.5 0.96 2.3 -99
3001 1991 013 13900 17.5 31.0 0.92 2.3 -99
3001 1991 014 12300 16.5 29.0 1.02 2.3 -99
3001 1991 015 11100 17.0 27.5 0.88 2.3 -99
3001 1991 016 9700 18.5 26.0 0.84 2.3 -99
3001 1991 017 13600 19.5 30.5 1.4 2.3 -99
3001 1991 018 22300 15.5 33.0 1.44 2.3 -99
3001 1991 019 15800 15.5 30.5 1.35 2.3 -99
3001 1991 020 18800 14.5 29.5 1.17 2.3 -99
3001 1991 021 21000 13.5 27.5 1.28 2.3 -99
3001 1991 022 19600 14.0 26.5 1.31 2.3 -99
3001 1991 023 13400 16.5 25.0 1.5 2.3 -99
3001 1991 024 9000 16.5 18.0 1.57 2.3 -99
3001 1991 025 22700 13.5 26.5 1.48 2.3 -99
3001 1991 026 17700 14.5 31.0 1.53 2.3 -99
3001 1991 027 17500 16.0 31.0 1.52 2.3 -99
3001 1991 028 22800 15.5 35.0 1.52 2.3 -99
3001 1991 029 20700 16.5 34.5 1.48 2.3 -99
3001 1991 030 13500 17.0 33.5 1.1 2.3 -99
3001 1991 031 10000 21.0 33.0 1.28 2.3 -99
3001 1991 032 10000 23.0 31.5 1.35 2.3 -99
3001 1991 033 9400 21.5 29.0 0.84 2.3 -99
3001 1991 034 10600 21.5 29.0 0.7 2.3 -99
3001 1991 035 19400 16.0 28.0 0.99 2.3 -99
3001 1991 036 17500 15.5 28.5 0.92 2.3 -99
3001 1991 037 21800 16.0 30.0 0.8 2.3 -99
3001 1991 038 21900 13.5 31.5 0.89 2.3 -99
3001 1991 039 20900 13.0 30.5 0.87 2.3 -99
3001 1991 040 22700 13.0 31.0 0.92 2.3 -99
3001 1991 041 20900 13.5 32.0 0.93 2.3 -99
3001 1991 042 12100 14.0 30.0 0.81 2.3 -99
3001 1991 043 19500 15.0 31.5 1.03 2.3 -99
3001 1991 044 22600 14.5 31.5 1.14 2.3 -99
3001 1991 045 21300 14.5 27.0 1.53 2.3 -99
3001 1991 046 23100 12.0 27.0 1.34 2.3 -99
3001 1991 047 24000 10.5 28.5 1.16 2.3 -99
3001 1991 048 19100 11.0 30.0 0.94 2.3 -99
3001 1991 049 23800 12.5 29.5 0.92 2.3 -99
3001 1991 050 23000 12.5 29.5 1.07 2.3 -99
3001 1991 051 16400 13.0 29.0 0.98 2.3 -99
3001 1991 052 24400 15.0 32.0 1.04 2.3 -99
3001 1991 053 23700 15.5 35.0 1.25 2.3 -99
3001 1991 054 24100 16.5 36.5 1.27 2.3 -99
3001 1991 055 17300 16.8 35.5 1.16 2.3 -99
3001 1991 056 17300 17.0 31.5 0.74 2.3 -99
3001 1991 057 23700 14.0 32.0 0.68 2.3 -99
3001 1991 058 23500 12.5 32.5 0.72 2.3 -99
3001 1991 059 23300 13.0 33.5 0.77 2.3 -99
3001 1991 060 24000 12.0 34.0 0.84 2.3 -99
3001 1991 061 24000 11.5 33.5 0.81 2.3 -99
3001 1991 062 18300 12.0 34.5 0.95 2.3 -99
3001 1991 063 23900 13.5 35.5 0.95 2.3 -99
3001 1991 064 22200 27.5 34.0 1.05 2.3 -99
3001 1991 065 19900 18.5 30.5 1.13 2.3 -99
3001 1991 066 25100 15.5 28.4 1.16 2.3 -99
3001 1991 067 24900 15.0 23.5 1.57 2.3 -99
3001 1991 068 23700 15.5 34.5 1.48 2.3 -99
3001 1991 069 21900 17.0 35.0 1.41 2.3 -99
3001 1991 070 25400 17.0 37.0 1.38 2.3 -99
3001 1991 071 25600 17.5 36.5 1.16 2.3 -99
3001 1991 072 25200 17.0 34.5 1 2.3 -99
3001 1991 073 24300 17.5 23.5 1.21 2.3 -99
3001 1991 074 22200 16.5 34.0 1.07 2.3 -99
3001 1991 075 21800 15.0 37.5 1.01 2.3 -99
3001 1991 076 24600 16.5 39.0 0.77 2.3 -99
3001 1991 077 23200 16.5 39.5 0.95 2.3 -99
3001 1991 078 24100 17.0 40.0 0.95 2.3 -99
3001 1991 079 19100 18.5 35.0 0.94 2.3 -99
3001 1991 080 23900 19.0 34.0 0.84 2.3 -99
3001 1991 081 24000 19.5 35.5 0.8 2.3 -99
3001 1991 082 16000 19.5 32.0 0.89 2.3 -99
3001 1991 083 21200 18.5 31.5 1.02 2.3 -99
3001 1991 084 25400 16.5 31.5 0.72 2.3 -99
3001 1991 085 25600 15.5 30.5 0.92 2.3 -99
3001 1991 086 26400 25.5 32.5 1.1 2.3 -99
3001 1991 087 26100 16.0 35.0 1.41 2.3 -99
3001 1991 088 25700 16.5 35.0 1.44 2.3 -99
3001 1991 089 26800 16.0 37.5 1.23 2.3 -99
3001 1991 090 26700 14.5 36.5 1.16 2.3 -99
3001 1991 091 25400 15.5 35.5 1.17 2.3 -99
3001 1991 092 24400 14.5 36.4 0.86 2.3 -99
3001 1991 093 21500 16.5 35.5 0.92 2.3 -99
3001 1991 094 23000 20.0 36.5 1.02 2.3 -99
3001 1991 095 26400 14.0 38.0 1.07 2.3 -99
3001 1991 096 27400 15.0 40.0 0.9 2.3 -99
3001 1991 097 27500 16.5 42.0 0.76 2.3 -99
3001 1991 098 27500 17.5 42.5 0.76 2.3 -99
3001 1991 099 26100 18.5 41.0 0.95 2.3 -99
3001 1991 100 26800 15.0 41.5 0.87 2.3 -99
3001 1991 101 27100 16.0 42.5 0.88 2.3 -99
3001 1991 102 26400 17.5 42.5 0.9 2.3 -99
3001 1991 103 27200 18.0 42.0 0.79 2.3 -99
3001 1991 104 26600 18.0 43.0 0.64 2.3 -99
3001 1991 105 27100 18.5 41.5 0.96 2.3 -99
3001 1991 106 27400 19.0 39.5 1.29 2.3 -99
3001 1991 107 26200 19.5 39.6 1.28 2.3 -99
3001 1991 108 21700 19.5 39.5 1.2 2.3 -99
3001 1991 109 27000 20.0 41.0 1.45 2.3 -99
3001 1991 110 23300 20.5 41.0 1.63 2.3 -99
3001 1991 111 21800 21.8 39.0 1.71 2.3 -99
3001 1991 112 26800 20.5 40.2 1.6 2.3 -99
3001 1991 113 26100 20.5 45.5 1.38 2.3 -99
3001 1991 114 22900 21.5 45.5 1.34 2.3 -99
3001 1991 115 14500 29.5 43.5 1.1 2.3 -99
3001 1991 116 26100 25.0 41.5 1.04 2.3 -99
3001 1991 117 27000 21.0 39.0 1.2 2.3 -99
3001 1991 118 26300 19.0 39.0 1.3 2.3 -99
3001 1991 119 27700 19.0 40.0 1.2 2.3 -99
3001 1991 120 27200 17.5 42.5 1.39 2.3 -99
3001 1991 121 26700 19.0 45.0 1.5 2.3 -99
3001 1991 122 27000 18.5 44.8 1.24 2.3 -99
3001 1991 123 26400 22.5 44.5 1.24 2.3 -99
3001 1991 124 24100 21.0 42.5 1.64 2.3 -99
3001 1991 125 20600 20.0 41.0 1.56 2.3 -99
3001 1991 126 18200 19.0 41.0 1.47 2.3 -99
3001 1991 127 24400 19.0 40.5 1.51 2.3 -99
3001 1991 128 25700 19.5 39.5 1.44 2.3 -99
3001 1991 129 26200 19.5 39.0 1.34 2.3 -99
3001 1991 130 25700 20.5 38.0 1.36 2.3 -99
3001 1991 131 26400 20.5 38.0 1.17 2.3 -99
3001 1991 132 26200 21.0 37.0 1.17 2.3 -99
3001 1991 133 28400 19.0 39.5 0.97 2.3 -99
3001 1991 134 25500 18.5 41.5 1.18 2.3 -99
3001 1991 135 24300 14.5 42.5 1.31 2.3 -99
3001 1991 136 26200 23.0 42.5 1 2.3 -99
3001 1991 137 27500 24.5 42.5 0.81 2.3 -99
3001 1991 138 27900 19.5 42.0 0.87 2.3 -99
3001 1991 139 27900 21.5 42.0 0.92 2.3 -99
3001 1991 140 27200 20.0 41.0 0.94 2.3 -99
3001 1991 141 27700 18.5 41.5 1.13 2.3 -99
3001 1991 142 27400 18.5 44.0 1.36 2.3 -99
3001 1991 143 26100 18.5 40.5 1.85 2.3 -99
3001 1991 144 27600 20.5 36.0 1.78 2.3 -99
3001 1991 145 27400 19.5 41.0 1.75 2.3 -99
3001 1991 146 27500 19.5 40.0 1.85 2.3 -99
3001 1991 147 26400 19.0 38.0 1.9 2.3 -99
3001 1991 148 23900 18.5 38.0 1.83 2.3 -99
3001 1991 149 27100 19.0 38.5 1.85 2.3 -99
3001 1991 150 27500 18.5 44.0 2.57 2.3 -99
3001 1991 151 26500 19.5 41.5 3.94 2.3 -99
3001 1991 152 19700 24.5 34.5 3.72 2.3 -99
3001 1991 153 11700 25.0 36.5 3.14 2.3 -99
3001 1991 154 11700 25.5 31.0 3.41 2.3 -99
3001 1991 155 18400 24.5 37.0 3.12 2.3 -99
3001 1991 156 14200 24.5 36.0 2.44 2.3 -99
3001 1991 157 22700 26.0 39.6 1.81 2.3 -99
3001 1991 158 11700 26.5 43.0 1.66 2.3 -99
3001 1991 159 11700 26.0 38.5 1.36 2.3 -99
3001 1991 160 11700 26.5 44.5 1.57 2.3 -99
3001 1991 161 22400 24.5 39.0 1.81 2.3 -99
3001 1991 162 11700 24.5 35.5 1.64 2.3 -99
3001 1991 163 23100 27.5 44.0 1.73 2.3 -99
3001 1991 164 23800 24.0 43.5 1.43 2.3 -99
3001 1991 165 26800 20.5 40.5 1.3 2.3 -99
3001 1991 166 25600 19.5 43.0 1.66 2.3 -99
3001 1991 167 23500 19.0 42.5 1.85 2.3 -99
3001 1991 168 26300 22.0 42.0 2.15 2.3 -99
3001 1991 169 26300 21.5 43.5 2.27 2.3 -99
3001 1991 170 22300 21.5 43.5 2.01 2.3 -99
3001 1991 171 11600 22.5 41.5 1.57 2.3 -99
3001 1991 172 25500 22.5 38.0 1.81 2.3 -99
3001 1991 173 24000 20.0 38.5 1.49 2.3 -99
3001 1991 174 27500 19.5 40.0 1.68 2.3 -99
3001 1991 175 23600 20.0 39.5 2 2.3 -99
3001 1991 176 24200 21.5 42.5 1.85 2.3 -99
3001 1991 177 24600 22.0 42.5 1.66 2.3 -99
3001 1991 178 25500 21.5 40.0 1.5 2.3 -99
3001 1991 179 23900 21.0 40.5 2.03 2.3 -99
3001 1991 180 23700 20.5 38.0 2.2 2.3 -99
3001 1991 181 24500 21.5 39.0 2.26 2.3 -99
3001 1991 182 23700 22.5 41.5 2.38 2.3 -99
3001 1991 183 25000 23.0 40.5 2.27 2.3 -99
3001 1991 184 21900 22.0 38.5 2.28 2.3 -99
3001 1991 185 17600 21.0 36.0 2.2 2.3 -99
3001 1991 186 20600 21.0 38.0 2.33 2.3 -99
3001 1991 187 23000 23.0 40.0 2.26 2.3 -99
3001 1991 188 17300 24.0 44.0 1.82 2.3 -99
3001 1991 189 18800 27.5 40.0 2.2 2.3 -99
3001 1991 190 21300 27.0 38.5 2.95 2.3 -99
3001 1991 191 23800 26.0 41.0 3.53 2.3 -99
3001 1991 192 11600 24.5 38.0 3.15 2.3 -99
3001 1991 193 27500 24.0 38.5 3.53 2.3 -99
3001 1991 194 18900 23.5 35.5 3.66 2.3 -99
3001 1991 195 24500 24.5 39.5 2.71 2.3 -99
3001 1991 196 11600 23.0 39.5 1.99 2.3 -99
3001 1991 197 18100 23.0 37.5 2.51 2.3 -99
3001 1991 198 21400 24.0 37.0 2.99 2.3 -99
3001 1991 199 25500 26.5 38.5 3.04 2.3 -99
3001 1991 200 16100 26.5 38.5 2.49 2.3 -99
3001 1991 201 23100 24.5 39.5 1.91 2.3 -99
3001 1991 202 20200 24.5 37.5 2.7 2.3 -99
3001 1991 203 24100 26.0 38.0 3.15 2.3 -99
3001 1991 204 17100 26.0 36.0 3.51 2.3 -99
3001 1991 205 11600 26.0 37.0 2.99 2.3 -99
3001 1991 206 20500 23.5 37.5 2.41 2.3 -99
3001 1991 207 19400 23.5 36.0 2.49 2.3 -99
3001 1991 208 20500 23.5 36.0 2.73 2.3 -99
3001 1991 209 18900 24.5 37.0 2.68 2.3 -99
3001 1991 210 13800 24.5 38.5 2.6 2.3 -99
3001 1991 211 11600 24.5 37.5 2.21 2.3 -99
3001 1991 212 23700 24.5 38.0 2.75 2.3 -99
3001 1991 213 15200 23.0 34.5 2.92 2.3 -99
3001 1991 214 25700 22.5 38.5 2.76 2.3 -99
3001 1991 215 20200 22.5 38.5 2.36 2.3 -99
3001 1991 216 23900 23.0 37.0 2.6 2.3 -99
3001 1991 217 25000 24.5 37.5 2.76 2.3 -99
3001 1991 218 24300 24.5 37.5 2.93 2.3 -99
3001 1991 219 18800 24.5 34.5 2.92 2.3 -99
3001 1991 220 20200 23.5 36.5 3.02 2.3 -99
3001 1991 221 12700 24.5 37.5 3.47 2.3 -99
3001 1991 222 25000 26.0 36.0 3.74 2.3 -99
3001 1991 223 22600 25.0 36.0 3.15 2.3 -99
3001 1991 224 11800 24.0 36.5 2.3 2.3 -99
3001 1991 225 21500 24.0 33.5 2.54 2.3 -99
3001 1991 226 12100 23.5 36.0 2.81 2.3 -99
3001 1991 227 19000 23.5 36.0 2.83 2.3 -99
3001 1991 228 20800 23.5 36.5 3.39 2.3 -99
3001 1991 229 20900 23.5 36.5 3.51 2.3 -99
3001 1991 230 16300 24.5 35.0 3.33 2.3 -99
3001 1991 231 23100 24.5 34.5 2.81 2.3 -99
3001 1991 232 12000 23.5 31.5 2.52 2.3 -99
3001 1991 233 25500 23.0 35.5 2.92 2.3 -99
3001 1991 234 12400 25.5 38.0 3.33 2.3 -99
3001 1991 235 11600 25.0 38.0 3.51 2.3 -99
3001 1991 236 20100 25.0 38.0 3.29 2.3 -99
3001 1991 237 12400 25.0 36.0 2.93 2.3 -99
3001 1991 238 25200 26.0 37.5 2.54 2.3 -99
3001 1991 239 22600 25.5 37.5 2.07 2.3 -99
3001 1991 240 25200 25.0 37.5 2.78 2.3 -99
3001 1991 241 12200 25.5 37.5 2.83 2.3 -99
3001 1991 242 21800 25.0 36.0 2.78 2.3 -99
3001 1991 243 22900 24.0 34.0 3.61 2.3 -99
3001 1991 244 19300 23.0 33.5 3.66 2.3 -99
3001 1991 245 23600 24.5 32.5 3.39 2.3 -99
3001 1991 246 22600 24.5 33.5 3.37 2.3 -99
3001 1991 247 16600 23.0 32.5 3.68 2.3 -99
3001 1991 248 24300 23.5 34.5 3.45 2.3 -99
3001 1991 249 25200 25.5 38.5 3.04 2.3 -99
3001 1991 250 25400 19.0 34.5 2.99 2.3 -99
3001 1991 251 23900 20.0 35.0 2.58 2.3 -99
3001 1991 252 21000 26.0 33.5 2.41 2.3 -99
3001 1991 253 24700 26.5 35.0 2.88 2.3 -99
3001 1991 254 16700 26.5 33.0 3.04 2.3 -99
3001 1991 255 22300 24.5 36.0 2.13 2.3 -99
3001 1991 256 11000 25.5 36.5 2.08 2.3 -99
3001 1991 257 15800 26.0 34.5 2.86 2.3 -99
3001 1991 258 17900 22.0 35.0 2.73 2.3 -99
3001 1991 259 18900 23.5 36.5 2.38 2.3 -99
3001 1991 260 21400 23.5 39.5 1.93 2.3 -99
3001 1991 261 21800 23.5 37.5 2.26 2.3 -99
3001 1991 262 19900 27.5 36.5 2.33 2.3 -99
3001 1991 263 19400 27.0 36.5 2.46 2.3 -99
3001 1991 264 23000 21.0 30.0 3.43 2.3 -99
3001 1991 265 20600 24.0 34.0 3.59 2.3 -99
3001 1991 266 17000 26.5 38.5 3.14 2.3 -99
3001 1991 267 18400 26.0 35.5 2.03 2.3 -99
3001 1991 268 19000 25.0 36.5 2.19 2.3 -99
3001 1991 269 21600 27.0 36.5 2.3 2.3 -99
3001 1991 270 12900 24.5 32.5 2.46 2.3 -99
3001 1991 271 18000 24.0 35.0 2.09 2.3 -99
3001 1991 272 22200 25.0 37.5 1.91 2.3 -99
3001 1991 273 19000 24.5 37.0 1.7 2.3 -99
3001 1991 274 16500 23.5 37.5 1.68 2.3 -99
3001 1991 275 16100 24.0 37.5 1.71 2.3 -99
3001 1991 276 23800 23.4 38.9 1.71 2.3 -99
3001 1991 277 22100 23.6 40.9 1.63 2.3 -99
3001 1991 278 21500 25.0 37.3 1.77 2.3 -99
3001 1991 279 21700 26.2 35.8 2.71 2.3 -99
3001 1991 280 17400 26.7 30.3 3.55 2.3 -99
3001 1991 281 10600 25.5 31.2 3.49 2.3 -99
3001 1991 282 10100 25.2 29.2 3.27 2.3 -99
3001 1991 283 17400 21.9 30.3 2.66 2.3 -99
3001 1991 284 20500 23.4 33.5 2.92 2.3 -99
3001 1991 285 22400 24.9 34.9 2.81 2.3 -99
3001 1991 286 19800 24.6 34.4 2.38 2.3 -99
3001 1991 287 22000 23.3 37.1 1.98 2.3 -99
3001 1991 288 15300 24.3 38.9 1.8 2.3 -99
3001 1991 289 21900 25.8 36.0 1.66 2.3 -99
3001 1991 290 23100 21.1 35.1 1.51 2.3 -99
3001 1991 291 22700 18.9 35.9 1.6 2.3 -99
3001 1991 292 19100 23.9 33.3 2.86 2.3 -99
3001 1991 293 21200 24.7 37.5 2.81 2.3 -99
3001 1991 294 21400 22.9 38.5 1.53 2.3 -99
3001 1991 295 20200 23.4 37.8 1.36 2.3 -99
3001 1991 296 22700 21.9 35.9 1.51 2.3 -99
3001 1991 297 22600 20.4 35.7 1.7 2.3 -99
3001 1991 298 22000 20.7 34.9 1.73 2.3 -99
3001 1991 299 21900 20.5 38.2 1.39 2.3 -99
3001 1991 300 19600 22.2 38.9 1.37 2.3 -99
3001 1991 301 20700 20.8 39.3 1.14 2.3 -99
3001 1991 302 21600 20.6 38.7 1.16 2.3 -99
3001 1991 303 21400 20.5 38.8 1.57 2.3 -99
3001 1991 304 21600 23.5 36.7 1.61 2.3 -99
3001 1991 305 21400 20.1 34.9 1.68 2.3 -99
3001 1991 306 20700 19.6 36.9 1.47 2.3 -99
3001 1991 307 20300 19.7 37.6 1.41 2.3 -99
3001 1991 308 21300 20.0 37.5 1.39 2.3 -99
3001 1991 309 20200 19.0 36.0 1.26 2.3 -99
3001 1991 310 21100 17.3 36.4 1.22 2.3 -99
3001 1991 311 20400 17.7 39.0 1.39 2.3 -99
3001 1991 312 19800 22.1 37.7 1.07 2.3 -99
3001 1991 313 20500 18.6 37.2 1.03 2.3 -99
3001 1991 314 19100 17.1 35.1 1.02 2.3 -99
3001 1991 315 16300 18.5 33.6 0.87 2.3 -99
3001 1991 316 20500 17.4 35.6 0.95 2.3 -99
3001 1991 317 19100 17.7 35.3 0.92 2.3 -99
3001 1991 318 18700 20.4 33.8 1.04 2.3 -99
3001 1991 319 19100 18.3 34.1 1.05 2.3 -99
3001 1991 320 17900 18.4 32.8 0.84 2.3 -99
3001 1991 321 19000 16.0 34.8 0.96 2.3 -99
3001 1991 322 18600 15.3 35.1 1.14 2.3 -99
3001 1991 323 19600 14.9 35.7 1.24 2.3 -99
3001 1991 324 12900 17.2 34.5 1.34 2.3 -99
3001 1991 325 12200 16.7 32.7 1.46 2.3 -99
3001 1991 326 18600 18.6 35.7 1.34 2.3 -99
3001 1991 327 18400 19.6 35.3 1.38 2.3 -99
3001 1991 328 17800 15.6 35.6 1.31 2.3 -99
3001 1991 329 10900 20.5 31.2 1.37 2.3 -99
3001 1991 330 13400 23.2 33.2 1.7 2.3 -99
3001 1991 331 11400 21.6 30.1 1.56 2.3 -99
3001 1991 332 14100 22.6 31.1 1.43 2.3 -99
3001 1991 333 15800 18.5 31.8 1.39 2.3 -99
3001 1991 334 13300 16.8 31.1 1.35 2.3 -99
3001 1991 335 18800 14.9 34.8 1.28 2.3 -99
3001 1991 336 18500 18.9 35.4 1.17 2.3 -99
3001 1991 337 17800 18.8 36.3 1.13 2.3 -99
3001 1991 338 9700 23.8 31.6 1.01 2.3 -99
3001 1991 339 14300 19.6 31.9 1.07 2.3 -99
3001 1991 340 16200 18.4 31.1 1.96 2.3 -99
3001 1991 341 12900 21.0 29.9 2.46 2.3 -99
3001 1991 342 14500 22.0 29.8 2.17 2.3 -99
3001 1991 343 16000 20.1 31.5 1.85 2.3 -99
3001 1991 344 14900 19.8 32.3 1.77 2.3 -99
3001 1991 345 14500 19.5 31.9 1.5 2.3 -99
3001 1991 346 14100 19.4 32.7 1.27 2.3 -99
3001 1991 347 14400 19.1 34.2 1.31 2.3 -99
3001 1991 348 11800 19.8 31.7 1.28 2.3 -99
3001 1991 349 15700 21.6 33.3 1.09 2.3 -99
3001 1991 350 15800 16.9 31.9 1.04 2.3 -99
3001 1991 351 13300 18.2 29.6 1.33 2.3 -99
3001 1991 352 15700 19.1 29.0 1.28 2.3 -99
3001 1991 353 12500 19.4 28.6 1.18 2.3 -99
3001 1991 354 13700 20.2 29.9 1.04 2.3 -99
3001 1991 355 9300 19.5 26.6 1.15 2.3 -99
3001 1991 356 14500 18.4 30.2 1.16 2.3 -99
3001 1991 357 18000 15.6 31.4 1 2.3 -99
3001 1991 358 18100 16.2 30.7 0.72 2.3 -99
3001 1991 359 19500 12.8 29.7 0.61 2.3 -99
3001 1991 360 20000 9.5 30.2 0.62 2.3 -99
3001 1991 361 17500 10.4 30.6 0.81 2.3 -99
3001 1991 362 13800 17.2 30.2 1.06 2.3 -99
3001 1991 363 11800 18.6 29.7 0.98 2.3 -99
3001 1991 364 12200 18.9 29.3 0.95 2.3 -99
3001 1991 365 13500 18.6 29.2 0.9 2.3 -99
