*---------------------------------------------------------*
*   Country: Senegal
*   Station: SEN_HUB_fanaye
*   Station #: 3001
*   Year: 2001
*   Source: AfricaRice; historical observed data (1991-1999,2006-2011, 2013,2014)
*   Author: Pepijn van Oort (AfricaRice). Original Script by Justin van Wart (University Nebraska)
*   Longitude: -14.80 (decimal degrees East)
*   Latitude: 16.53 (decimal degrees North)
*   Elevation: 11 m.
*
*  Columns:
*  ========
*  1 station number
*  2 year
*  3 day
*  4 irradiation (kJ m-2 d-1)
*  5 minimum temperature (degrees Celsius)
*  6 maximum temperature (degrees Celsius)
*  7 actual vapour pressure (kPa)   
*  8 mean wind speed (m s-1)
*  9 precipitation (mm d-1)
*
** WCCDESCRIPTION=Senegal, SEN_HUB_fanaye
** WCCFORMAT=2
** WCCYEARNR= 2001
*
* COMMENT - START
*   Filename: SEN3001.001
*   Source file: SEN_HUBHIST_Fanaye.xlsx; sheet: GYGAReady_public_propagation
*   Source file contains station data (black) and propagated data (red).
*   When station data are available these are filled in in the current file.
*   When station data are not available the method uses NASA data from the POWER database.
*   Tmin, Tmax and Tdew from the POWER database are corrected for bias based on empirical regression between POWER data and available station data.
* COMMENT - END
*---------------------------------------------------------*
-14.80  16.53  11  0  0
3001 2001 001 18500 14.5 33.9 1.03 2.3 0
3001 2001 002 18600 14.7 33.8 0.94 2.3 0
3001 2001 003 21000 18.1 35.4 0.74 2.3 0
3001 2001 004 19000 14.6 35.1 0.73 2.3 0
3001 2001 005 17800 16.9 34.9 0.66 2.3 0
3001 2001 006 18000 11.2 34.1 0.66 2.3 0
3001 2001 007 17900 13.8 34.4 0.67 2.3 0
3001 2001 008 18800 13.8 33.4 0.79 2.3 0
3001 2001 009 15700 13.5 34.1 0.76 2.3 0
3001 2001 010 16000 15.1 34.7 0.71 2.3 0
3001 2001 011 17300 13.6 34.0 0.75 2.3 0
3001 2001 012 16100 15.2 34.3 0.82 2.3 0
3001 2001 013 16100 15.1 33.6 0.82 2.3 0
3001 2001 014 18400 17.0 31.5 1.19 2.3 0
3001 2001 015 17000 13.6 32.0 0.81 2.3 0
3001 2001 016 17300 13.3 32.5 0.79 2.3 0
3001 2001 017 18400 14.8 32.9 0.72 2.3 0
3001 2001 018 17300 14.2 32.9 0.64 2.3 0
3001 2001 019 17500 14.0 33.2 0.74 2.3 0
3001 2001 020 17700 12.8 34.0 0.7 2.3 0
3001 2001 021 17900 15.5 35.0 0.65 2.3 0
3001 2001 022 18100 13.5 33.4 0.68 2.3 0
3001 2001 023 18200 13.4 33.5 0.71 2.3 0
3001 2001 024 18000 14.5 34.0 0.7 2.3 0
3001 2001 025 18200 13.9 32.5 0.52 2.3 0
3001 2001 026 18300 11.4 32.5 0.53 2.3 0
3001 2001 027 18000 12.7 31.6 0.59 2.3 0
3001 2001 028 18600 10.2 32.0 0.6 2.3 0
3001 2001 029 20300 11.5 32.3 0.52 2.3 0
3001 2001 030 19200 12.7 31.8 1.1 2.3 0
3001 2001 031 20200 14.1 32.1 0.89 2.3 0
3001 2001 032 17000 12.0 33.6 0.66 2.3 0
3001 2001 033 18600 12.2 32.8 0.54 2.3 0
3001 2001 034 17400 13.1 32.9 0.56 2.3 0
3001 2001 035 19600 11.9 32.3 0.66 2.3 0
3001 2001 036 17100 13.6 34.8 0.68 2.3 0
3001 2001 037 21500 14.1 36.2 0.72 2.3 0
3001 2001 038 20100 16.5 35.8 0.74 2.3 0
3001 2001 039 19600 14.3 34.6 0.62 2.3 0
3001 2001 040 18700 11.3 34.0 0.56 2.3 0
3001 2001 041 19500 15.4 35.1 0.56 2.3 0
3001 2001 042 19200 18.2 35.5 0.66 2.3 0
3001 2001 043 19000 17.8 34.6 0.46 2.3 0
3001 2001 044 19500 16.5 32.4 0.41 2.3 0
3001 2001 045 19400 14.8 30.3 0.49 2.3 0
3001 2001 046 19300 12.9 31.3 0.68 2.3 0
3001 2001 047 14400 14.2 31.9 0.74 2.3 0
3001 2001 048 20200 13.2 33.2 0.62 2.3 0
3001 2001 049 17300 14.2 34.8 0.69 2.3 0
3001 2001 050 12500 15.9 35.3 0.72 2.3 0
3001 2001 051 17700 15.3 36.1 0.65 2.3 0
3001 2001 052 20200 15.9 37.2 0.84 2.3 0
3001 2001 053 20800 16.9 37.5 0.79 2.3 0
3001 2001 054 18500 13.1 37.5 0.81 2.3 0
3001 2001 055 21300 18.1 36.8 0.95 2.3 0
3001 2001 056 17300 19.5 35.8 1.21 2.3 0
3001 2001 057 14500 21.0 35.5 1.23 2.3 0
3001 2001 058 18300 21.7 36.3 1.16 2.3 0
3001 2001 059 22400 18.8 34.7 0.97 2.3 0
3001 2001 060 20300 16.5 33.8 1.07 2.3 0
3001 2001 061 21000 15.7 34.4 1.02 2.3 0
3001 2001 062 22800 16.6 35.6 0.74 2.3 0
3001 2001 063 20700 16.8 38.0 0.55 2.3 0
3001 2001 064 21600 19.2 39.2 0.69 2.3 0
3001 2001 065 23100 19.6 40.3 0.75 2.3 0
3001 2001 066 22800 21.1 39.5 0.69 2.3 0
3001 2001 067 22600 17.2 37.3 0.59 2.3 0
3001 2001 068 22800 17.0 37.2 0.82 2.3 0
3001 2001 069 22900 19.2 37.1 0.81 2.3 0
3001 2001 070 23300 17.5 37.7 0.8 2.3 0
3001 2001 071 23300 18.6 36.7 0.9 2.3 0
3001 2001 072 22700 17.3 34.3 1.38 2.3 0
3001 2001 073 23200 16.8 34.3 1.37 2.3 0
3001 2001 074 21500 15.7 34.7 1.3 2.3 0
3001 2001 075 21300 17.3 34.8 1.36 2.3 0
3001 2001 076 22100 17.5 36.2 1.28 2.3 0
3001 2001 077 22300 18.2 37.7 1 2.3 0
3001 2001 078 22700 20.7 38.4 1.07 2.3 0
3001 2001 079 22000 22.3 39.0 1.2 2.3 0
3001 2001 080 23800 22.6 39.5 1.1 2.3 0
3001 2001 081 24400 23.0 38.3 0.73 2.3 0
3001 2001 082 24900 20.8 38.2 0.84 2.3 0
3001 2001 083 24000 19.1 38.3 1.01 2.3 0
3001 2001 084 23100 19.2 38.1 1.32 2.3 0
3001 2001 085 22100 20.1 38.4 1.29 2.3 0
3001 2001 086 23100 18.5 38.7 1.16 2.3 0
3001 2001 087 23300 20.9 38.7 1.13 2.3 0
3001 2001 088 20400 21.0 37.0 1.3 2.3 0
3001 2001 089 20000 22.8 37.7 1.17 2.3 0
3001 2001 090 23200 22.2 38.4 1.1 2.3 0
3001 2001 091 23200 20.8 38.4 1.15 2.3 0
3001 2001 092 24800 20.7 38.1 1.1 2.3 0
3001 2001 093 23700 20.6 36.0 1.36 2.3 0
3001 2001 094 25900 19.0 36.2 1.11 2.3 0
3001 2001 095 26300 16.9 38.4 0.84 2.3 0
3001 2001 096 26700 21.0 38.7 0.74 2.3 0
3001 2001 097 26500 21.5 38.8 0.87 2.3 0
3001 2001 098 24700 21.0 40.2 0.94 2.3 0
3001 2001 099 21900 22.9 40.0 1.62 2.3 0
3001 2001 100 25500 24.1 41.1 0.87 2.3 0
3001 2001 101 26700 21.6 41.0 0.7 2.3 0
3001 2001 102 26100 19.8 39.8 0.72 2.3 0
3001 2001 103 25000 22.6 39.4 1.1 2.3 0
3001 2001 104 25000 20.9 38.0 1.43 2.3 0
3001 2001 105 24200 20.3 36.5 1.64 2.3 0
3001 2001 106 25300 20.2 38.6 1.67 2.3 0
3001 2001 107 24300 20.4 39.4 1.38 2.3 0
3001 2001 108 24700 21.0 36.9 1.46 2.3 0
3001 2001 109 25600 18.9 36.5 1.24 2.3 0
3001 2001 110 22400 21.0 36.2 1.28 2.3 0
3001 2001 111 23800 22.0 36.8 1.23 2.3 0
3001 2001 112 25800 20.5 35.2 1.09 2.3 0
3001 2001 113 24500 19.4 34.4 1.06 2.3 0
3001 2001 114 23800 19.2 35.5 0.89 2.3 0
3001 2001 115 23300 19.8 37.2 0.97 2.3 0
3001 2001 116 24600 21.6 39.2 0.97 2.3 0
3001 2001 117 23900 20.4 40.1 1.07 2.3 0
3001 2001 118 23100 22.2 40.3 1.39 2.3 0
3001 2001 119 23500 22.9 38.3 1.17 2.3 0
3001 2001 120 25200 18.8 36.8 1.05 2.3 0
3001 2001 121 26600 20.5 37.2 0.99 2.3 0
3001 2001 122 24900 21.0 38.0 0.97 2.3 0
3001 2001 123 25100 21.9 38.6 1.03 2.3 0
3001 2001 124 25300 21.6 38.1 1.2 2.3 0
3001 2001 125 24500 23.1 39.5 1.31 2.3 0
3001 2001 126 25300 23.9 40.7 1.32 2.3 0
3001 2001 127 22600 24.6 40.7 1.39 2.3 0
3001 2001 128 18500 22.8 40.7 1.61 2.3 0
3001 2001 129 20500 23.5 39.8 1.65 2.3 0
3001 2001 130 25300 21.2 39.9 1.46 2.3 0
3001 2001 131 23500 24.8 40.6 1.11 2.3 0
3001 2001 132 23500 25.6 41.5 1.11 2.3 0
3001 2001 133 24400 23.5 40.2 1.39 2.3 0
3001 2001 134 23700 23.5 39.9 1.12 2.3 0
3001 2001 135 24700 20.8 39.3 0.95 2.3 0
3001 2001 136 25600 20.4 39.9 1.1 2.3 0
3001 2001 137 24600 23.5 40.5 1.12 2.3 0
3001 2001 138 26300 22.2 41.8 1.13 2.3 1
3001 2001 139 25700 20.0 41.2 1.2 2.3 0
3001 2001 140 24100 22.6 40.0 1.17 2.3 0
3001 2001 141 23300 25.2 40.7 1.13 2.3 0
3001 2001 142 23500 22.8 40.3 1.24 2.3 0
3001 2001 143 22900 22.2 39.9 1.18 2.3 0
3001 2001 144 24500 22.2 39.4 1.22 2.3 0
3001 2001 145 23800 19.8 40.8 1.28 2.3 0
3001 2001 146 23500 24.6 41.1 1.07 2.3 0
3001 2001 147 23400 23.4 40.5 1.03 2.3 0
3001 2001 148 23400 22.0 41.5 1.3 2.3 0
3001 2001 149 24200 24.5 41.4 1.59 2.3 0
3001 2001 150 24100 23.3 38.8 2.23 2.3 0
3001 2001 151 23100 21.2 38.3 2.33 2.3 0
3001 2001 152 26200 21.1 40.6 1.94 2.3 0
3001 2001 153 26200 24.2 41.1 1.51 2.3 0
3001 2001 154 23900 23.2 40.5 2.05 2.3 0
3001 2001 155 26100 22.3 40.4 1.85 2.3 0
3001 2001 156 25300 22.6 42.4 1.61 2.3 0
3001 2001 157 25100 26.5 40.3 1.93 2.3 0
3001 2001 158 24600 20.7 39.2 2.31 2.3 0
3001 2001 159 24600 23.4 38.2 2.41 2.3 0
3001 2001 160 26100 25.3 36.3 2.51 2.3 0
3001 2001 161 25800 25.3 37.3 2.6 2.3 0
3001 2001 162 26100 21.9 40.9 1.63 2.3 0
3001 2001 163 26500 26.3 40.2 1.39 2.3 0
3001 2001 164 26600 24.3 38.8 1.42 2.3 0
3001 2001 165 24000 20.3 37.7 2.08 2.3 1
3001 2001 166 25300 20.3 40.8 2.03 2.3 0
3001 2001 167 24900 25.0 42.1 1.72 2.3 0
3001 2001 168 25500 24.6 38.0 2.4 2.3 0
3001 2001 169 25600 24.8 39.2 2.19 2.3 0
3001 2001 170 26400 21.8 39.9 1.93 2.3 0
3001 2001 171 26200 23.8 41.4 1.64 2.3 0
3001 2001 172 27000 22.0 40.8 2.12 2.3 0
3001 2001 173 26300 22.2 38.8 2.15 2.3 0
3001 2001 174 24800 21.9 39.9 1.83 2.3 0
3001 2001 175 25600 22.2 39.6 1.74 2.3 0
3001 2001 176 25100 25.5 37.3 2.58 2.3 2
3001 2001 177 23500 24.8 38.4 2.6 2.3 0
3001 2001 178 21400 23.8 37.7 2.38 2.3 0
3001 2001 179 23900 24.1 38.3 2.34 2.3 0
3001 2001 180 25200 23.6 38.2 2.17 2.3 0
3001 2001 181 25200 21.4 38.9 2.23 2.3 0
3001 2001 182 24600 22.9 36.7 2.81 2.3 0
3001 2001 183 24100 21.4 36.0 3.14 2.3 0
3001 2001 184 19500 23.2 35.6 2.85 2.3 10
3001 2001 185 10600 26.0 36.6 2.37 2.3 0
3001 2001 186 23400 25.7 35.5 2.8 2.3 0
3001 2001 187 24100 21.4 34.4 3.08 2.3 0
3001 2001 188 25500 23.8 38.5 2.81 2.3 0
3001 2001 189 25200 23.6 37.5 3.01 2.3 0
3001 2001 190 23400 22.2 35.7 3.27 2.3 13
3001 2001 191 16700 21.1 37.9 2.66 2.3 0
3001 2001 192 26800 23.3 42.1 1.81 2.3 0
3001 2001 193 25600 23.5 38.7 2.51 2.3 0
3001 2001 194 24600 24.6 36.3 3.06 2.3 5
3001 2001 195 23900 19.8 30.0 3.7 2.3 0
3001 2001 196 23800 20.9 33.7 3.25 2.3 0
3001 2001 197 25500 21.1 37.7 2.51 2.3 0
3001 2001 198 22200 22.9 35.1 3.04 2.3 0
3001 2001 199 23600 21.8 34.8 3.17 2.3 0
3001 2001 200 6700 23.4 34.3 3.14 2.3 34
3001 2001 201 24300 23.8 36.0 2.6 2.3 0
3001 2001 202 23800 24.0 37.6 2.23 2.3 0
3001 2001 203 26000 24.9 37.8 2.46 2.3 0
3001 2001 204 25600 23.1 38.6 1.96 2.3 0
3001 2001 205 24800 22.1 36.7 2.38 2.3 0
3001 2001 206 22700 24.0 36.6 2.73 2.3 0
3001 2001 207 15900 24.0 36.6 2.66 2.3 0
3001 2001 208 17900 19.1 37.6 2.51 2.3 0
3001 2001 209 12700 25.5 35.1 2.9 2.3 24
3001 2001 210 27100 22.4 31.4 3.64 2.3 0
3001 2001 211 26300 21.0 37.2 2.99 2.3 0
3001 2001 212 22900 21.1 33.6 3.31 2.3 0
3001 2001 213 16100 22.0 29.0 3.59 2.3 0
3001 2001 214 26000 21.8 29.9 3.59 2.3 0
3001 2001 215 26700 21.6 30.0 3.66 2.3 0
3001 2001 216 24100 20.4 32.3 3.41 2.3 0
3001 2001 217 18200 21.5 33.0 3.39 2.3 0
3001 2001 218 23900 22.6 33.2 3.43 2.3 0
3001 2001 219 26100 22.6 35.4 3.47 2.3 0
3001 2001 220 26000 22.9 31.6 3.76 2.3 0
3001 2001 221 26500 21.0 32.4 3.57 2.3 0
3001 2001 222 15100 22.3 30.4 3.7 2.3 9
3001 2001 223 19300 20.3 30.6 3.55 2.3 1
3001 2001 224 25200 21.7 33.6 3.43 2.3 0
3001 2001 225 25600 21.9 34.9 3.37 2.3 5
3001 2001 226 19700 22.2 34.4 3.31 2.3 0
3001 2001 227 23000 23.2 33.8 3.39 2.3 0
3001 2001 228 23100 23.6 36.2 3.23 2.3 15
3001 2001 229 25100 23.8 38.2 2.88 2.3 0
3001 2001 230 24700 24.1 35.9 2.9 2.3 0
3001 2001 231 26100 24.5 37.3 2.66 2.3 0
3001 2001 232 25900 23.3 37.1 2.27 2.3 0
3001 2001 233 25600 23.6 39.1 2.24 2.3 0
3001 2001 234 23600 25.5 37.4 3.12 2.3 0
3001 2001 235 23100 24.0 34.7 3.57 2.3 0
3001 2001 236 25800 22.2 31.4 3.74 2.3 14
3001 2001 237 22000 22.0 32.1 3.55 2.3 20
3001 2001 238 23900 23.0 32.5 3.49 2.3 3
3001 2001 239 17800 22.3 29.9 3.66 2.3 8
3001 2001 240 23900 21.2 31.3 3.57 2.3 0
3001 2001 241 23700 21.7 37.0 3.27 2.3 0
3001 2001 242 23600 22.8 34.7 3.31 2.3 0
3001 2001 243 23800 22.9 31.4 3.61 2.3 0
3001 2001 244 10700 22.2 30.8 3.74 2.3 0
3001 2001 245 25100 21.0 34.2 3.23 2.3 0
3001 2001 246 24900 22.5 35.8 2.99 2.3 0
3001 2001 247 24000 22.8 37.4 2.95 2.3 12
3001 2001 248 22400 23.1 36.9 3.04 2.3 9
3001 2001 249 24300 23.3 36.8 3.06 2.3 0
3001 2001 250 7900 21.6 33.2 3.41 2.3 31
3001 2001 251 22400 21.5 34.0 3.29 2.3 21
3001 2001 252 20700 24.1 33.9 3.31 2.3 0
3001 2001 253 17600 21.7 31.8 3.57 2.3 8
3001 2001 254 24900 21.0 38.0 2.81 2.3 0
3001 2001 255 23200 23.2 35.7 3.12 2.3 4
3001 2001 256 21600 23.0 35.8 3.31 2.3 0
3001 2001 257 23900 21.4 41.5 2.3 2.3 0
3001 2001 258 22600 21.4 33.8 3.17 2.3 5
3001 2001 259 22400 21.9 34.5 3.21 2.3 6
3001 2001 260 21300 21.9 33.9 3.12 2.3 2
3001 2001 261 16800 23.0 35.4 3.06 2.3 0
3001 2001 262 22900 20.0 35.5 2.9 2.3 0
3001 2001 263 20800 23.4 39.1 2.49 2.3 0
3001 2001 264 21000 24.6 35.6 2.9 2.3 9
3001 2001 265 21800 20.5 31.5 3.64 2.3 0
3001 2001 266 22500 22.3 40.6 2.65 2.3 0
3001 2001 267 22500 22.5 37.7 2.54 2.3 0
3001 2001 268 17000 23.2 35.7 2.75 2.3 0
3001 2001 269 21800 25.9 38.8 2.01 2.3 0
3001 2001 270 20800 27.1 39.9 1.93 2.3 0
3001 2001 271 20600 25.9 38.0 2.34 2.3 5
3001 2001 272 21300 24.1 41.6 1.78 2.3 0
3001 2001 273 20400 25.5 39.4 1.84 2.3 0
3001 2001 274 21300 24.7 35.8 2.97 2.3 5
3001 2001 275 22800 22.3 38.8 2.46 2.3 0
3001 2001 276 19200 23.9 41.0 1.74 2.3 0
3001 2001 277 21600 26.0 39.3 1.51 2.3 0
3001 2001 278 16000 24.0 40.2 1.53 2.3 0
3001 2001 279 23600 23.7 38.2 2.15 2.3 0
3001 2001 280 20700 25.2 37.3 2.81 2.3 0
3001 2001 281 13100 24.9 39.6 2.34 2.3 0
3001 2001 282 20500 24.5 40.9 1.66 2.3 0
3001 2001 283 20400 23.7 38.5 2.03 2.3 0
3001 2001 284 16800 24.4 33.6 2.99 2.3 0
3001 2001 285 17700 23.2 32.7 3.37 2.3 0
3001 2001 286 19900 23.1 39.4 2.52 2.3 0
3001 2001 287 18900 22.7 39.8 2 2.3 0
3001 2001 288 19400 23.9 39.0 2.12 2.3 0
3001 2001 289 21100 22.7 39.6 1.76 2.3 0
3001 2001 290 18500 21.8 39.6 1.48 2.3 0
3001 2001 291 18600 23.4 39.0 1.66 2.3 0
3001 2001 292 19100 23.1 39.7 1.13 2.3 0
3001 2001 293 20500 21.7 40.3 1.13 2.3 0
3001 2001 294 20200 21.3 40.2 1.28 2.3 0
3001 2001 295 17100 21.8 39.1 1.48 2.3 0
3001 2001 296 18500 22.6 40.0 1.43 2.3 0
3001 2001 297 21300 20.0 39.2 1.29 2.3 0
3001 2001 298 18500 23.4 38.8 1.1 2.3 0
3001 2001 299 15600 21.5 38.5 0.84 2.3 0
3001 2001 300 17000 18.7 37.7 0.97 2.3 0
3001 2001 301 17500 19.6 37.7 1.26 2.3 0
3001 2001 302 17200 20.1 38.3 1.15 2.3 0
3001 2001 303 18300 20.4 38.1 1.13 2.3 0
3001 2001 304 16600 20.4 37.3 1.07 2.3 0
3001 2001 305 18100 18.9 35.8 1.83 2.3 0
3001 2001 306 13400 21.0 37.6 1.67 2.3 0
3001 2001 307 15900 17.7 36.9 1.07 2.3 0
3001 2001 308 17600 19.3 35.8 1 2.3 0
3001 2001 309 19200 19.2 37.3 1.07 2.3 0
3001 2001 310 18400 20.1 38.0 1.24 2.3 0
3001 2001 311 19600 21.5 37.3 1.46 2.3 0
3001 2001 312 18400 22.5 38.6 1.31 2.3 0
3001 2001 313 19300 20.5 38.2 1.14 2.3 0
3001 2001 314 17400 19.0 36.7 1.7 2.3 0
3001 2001 315 19900 23.4 34.7 1.59 2.3 0
3001 2001 316 19800 20.2 35.1 1.39 2.3 0
3001 2001 317 17700 20.1 35.8 1.48 2.3 0
3001 2001 318 17700 20.8 36.1 1.2 2.3 0
3001 2001 319 17900 20.8 36.3 1.32 2.3 0
3001 2001 320 18600 20.8 36.4 1.39 2.3 0
3001 2001 321 17000 21.1 38.4 1.27 2.3 0
3001 2001 322 17100 23.3 38.7 1.08 2.3 0
3001 2001 323 15400 16.9 37.6 1.04 2.3 0
3001 2001 324 18100 16.4 36.9 1.01 2.3 0
3001 2001 325 17900 18.1 35.2 1.23 2.3 0
3001 2001 326 18300 18.5 34.8 1.59 2.3 0
3001 2001 327 16900 19.0 34.9 1.38 2.3 0
3001 2001 328 14400 19.6 35.1 1.58 2.3 0
3001 2001 329 16800 20.7 34.7 1.63 2.3 0
3001 2001 330 12200 18.6 33.9 1.85 2.3 1
3001 2001 331 10500 23.5 31.7 2.08 2.3 1
3001 2001 332 15800 22.8 34.0 1.83 2.3 3
3001 2001 333 10700 21.9 34.9 1.74 2.3 0
3001 2001 334 10400 22.3 33.2 1.78 2.3 0
3001 2001 335 15400 21.3 32.5 1.74 2.3 0
3001 2001 336 16300 20.6 33.0 1.57 2.3 0
3001 2001 337 15800 19.1 32.8 1.39 2.3 0
3001 2001 338 15400 16.9 33.6 1.2 2.3 0
3001 2001 339 11400 22.2 34.1 1.23 2.3 0
3001 2001 340 7700 21.4 35.2 1.38 2.3 0
3001 2001 341 7700 22.2 36.2 1.35 2.3 0
3001 2001 342 14800 22.4 36.0 1.24 2.3 0
3001 2001 343 13200 19.9 34.5 1.17 2.3 0
3001 2001 344 12900 22.0 33.5 1.2 2.3 0
3001 2001 345 8600 20.1 33.3 1.19 2.3 0
3001 2001 346 15000 18.1 33.9 1.14 2.3 0
3001 2001 347 15600 14.3 32.5 1.01 2.3 0
3001 2001 348 15700 14.9 33.1 1 2.3 0
3001 2001 349 12100 15.5 33.5 1.1 2.3 0
3001 2001 350 11700 21.5 34.4 1.5 2.3 0
3001 2001 351 10600 22.7 36.2 1.66 2.3 0
3001 2001 352 14900 19.1 36.0 1.44 2.3 0
3001 2001 353 14900 19.8 35.9 1.29 2.3 0
3001 2001 354 14900 18.3 35.6 1.31 2.3 0
3001 2001 355 15300 20.0 36.2 1.13 2.3 0
3001 2001 356 15100 18.5 36.5 1.07 2.3 0
3001 2001 357 15700 17.5 37.2 1.11 2.3 0
3001 2001 358 15000 19.0 37.2 1.2 2.3 0
3001 2001 359 15400 19.9 37.9 0.96 2.3 0
3001 2001 360 15100 18.5 38.3 0.95 2.3 0
3001 2001 361 15000 19.8 38.0 1.28 2.3 0
3001 2001 362 11100 19.8 36.1 1.33 2.3 0
3001 2001 363 15300 18.8 35.5 1.37 2.3 0
3001 2001 364 15000 19.9 34.7 1.13 2.3 0
3001 2001 365 14900 18.3 34.7 1.09 2.3 0
