*---------------------------------------------------------*
*   Country: Senegal
*   Station: SEN_HUB_fanaye
*   Station #: 3001
*   Year: 1998
*   Source: AfricaRice; historical observed data (1991-1999,2006-2011, 2013,2014)
*   Author: Pepijn van Oort (AfricaRice). Original Script by Justin van Wart (University Nebraska)
*   Longitude: -14.80 (decimal degrees East)
*   Latitude: 16.53 (decimal degrees North)
*   Elevation: 11 m.
*
*  Columns:
*  ========
*  1 station number
*  2 year
*  3 day
*  4 irradiation (kJ m-2 d-1)
*  5 minimum temperature (degrees Celsius)
*  6 maximum temperature (degrees Celsius)
*  7 actual vapour pressure (kPa)   
*  8 mean wind speed (m s-1)
*  9 precipitation (mm d-1)
*
** WCCDESCRIPTION=Senegal, SEN_HUB_fanaye
** WCCFORMAT=2
** WCCYEARNR= 1998
*
* COMMENT - START
*   Filename: SEN3001.998
*   Source file: SEN_HUBHIST_Fanaye.xlsx; sheet: GYGAReady_public_propagation
*   Source file contains station data (black) and propagated data (red).
*   When station data are available these are filled in in the current file.
*   When station data are not available the method uses NASA data from the POWER database.
*   Tmin, Tmax and Tdew from the POWER database are corrected for bias based on empirical regression between POWER data and available station data.
* COMMENT - END
*---------------------------------------------------------*
-14.80  16.53  11  0  0
3001 1998 001 19800 13.5 32.1 0.76 2.3 0
3001 1998 002 19100 13.5 29.8 0.42 2.3 0
3001 1998 003 19900 15.6 30.1 0.71 2.3 0
3001 1998 004 18000 17.6 29.8 0.94 2.3 0
3001 1998 005 14600 17.5 31.4 0.33 2.3 0
3001 1998 006 16600 17.2 32.6 0.39 2.3 0
3001 1998 007 17000 15.5 32.3 0.31 2.3 0
3001 1998 008 18500 15.4 32.5 0.53 2.3 0
3001 1998 009 19600 12.2 32.7 0.49 2.3 0
3001 1998 010 20700 14.1 34.1 0.66 2.3 0
3001 1998 011 13700 12.1 32.3 0.61 2.3 0
3001 1998 012 19500 12.2 35.8 0.81 2.3 0
3001 1998 013 19000 12.6 35.7 0.76 2.3 0
3001 1998 014 19200 16.0 36.2 0.66 2.3 0
3001 1998 015 18600 15.7 34.6 0.57 2.3 0
3001 1998 016 18900 16.0 33.5 0.53 2.3 0
3001 1998 017 19800 15.9 33.1 0.57 2.3 0
3001 1998 018 20800 15.9 32.7 0.61 2.3 0
3001 1998 019 21400 12.4 33.4 0.49 2.3 0
3001 1998 020 16500 15.7 33.6 0.49 2.3 0
3001 1998 021 21200 14.7 33.9 0.61 2.3 0
3001 1998 022 21000 14.6 33.3 0.53 2.3 0
3001 1998 023 21700 11.5 35.5 0.66 2.3 0
3001 1998 024 18900 11.7 36.7 0.76 2.3 0
3001 1998 025 20900 11.3 37.6 0.76 2.3 0
3001 1998 026 18800 12.3 36.4 0.87 2.3 0
3001 1998 027 18900 12.7 34.8 1.07 2.3 0
3001 1998 028 12800 16.6 27.1 1.4 2.3 0
3001 1998 029 18300 17.5 29.1 0.81 2.3 0
3001 1998 030 21600 14.9 30.6 0.66 2.3 0
3001 1998 031 21500 13.7 30.7 0.66 2.3 0
3001 1998 032 21000 13.4 32.9 1.15 2.3 0
3001 1998 033 20200 14.5 34.7 1.23 2.3 0
3001 1998 034 19700 15.3 33.8 1.07 2.3 0
3001 1998 035 20300 16.7 34.2 0.66 2.3 0
3001 1998 036 21000 19.7 39.7 0.71 2.3 0
3001 1998 037 20700 16.8 41.0 1.07 2.3 0
3001 1998 038 19800 22.5 41.4 1.15 2.3 0
3001 1998 039 16700 19.6 38.7 1.15 2.3 0
3001 1998 040 17900 21.3 38.9 1.23 2.3 0
3001 1998 041 14500 21.1 38.1 1.6 2.3 0
3001 1998 042 18200 20.6 36.5 1.71 2.3 0
3001 1998 043 20800 19.6 37.5 1.6 2.3 0
3001 1998 044 20600 18.2 36.1 1.71 2.3 0
3001 1998 045 20600 17.7 37.7 1.71 2.3 0
3001 1998 046 19900 19.1 40.7 1.4 2.3 0
3001 1998 047 20300 21.3 39.8 0.76 2.3 0
3001 1998 048 23000 20.4 34.9 0.45 2.3 0
3001 1998 049 23800 14.4 37.8 0.81 2.3 0
3001 1998 050 21700 16.4 39.0 0.87 2.3 0
3001 1998 051 23100 18.8 39.6 0.49 2.3 0
3001 1998 052 25200 18.1 37.6 0.31 2.3 0
3001 1998 053 23400 17.7 36.5 0.57 2.3 0
3001 1998 054 9100 17.4 32.2 0.61 2.3 0
3001 1998 055 10000 24.9 32.8 0.61 2.3 0
3001 1998 056 21400 19.1 36.3 0.53 2.3 0
3001 1998 057 22900 15.9 39.0 0.49 2.3 0
3001 1998 058 23600 16.2 39.2 0.87 2.3 0
3001 1998 059 24200 15.8 40.1 0.71 2.3 0
3001 1998 060 24800 15.4 40.7 0.61 2.3 0
3001 1998 061 25700 15.6 41.1 0.76 2.3 0
3001 1998 062 26000 17.1 38.6 0.45 2.3 0
3001 1998 063 23500 17.9 37.2 0.24 2.3 0
3001 1998 064 20100 16.3 38.9 0.61 2.3 0
3001 1998 065 17700 21.1 38.1 0.66 2.3 0
3001 1998 066 21000 21.2 37.7 0.57 2.3 0
3001 1998 067 21700 20.0 36.6 0.53 2.3 0
3001 1998 068 23600 19.3 37.4 0.49 2.3 0
3001 1998 069 24000 16.3 38.8 0.71 2.3 0
3001 1998 070 24000 15.7 39.5 0.87 2.3 0
3001 1998 071 25100 16.5 41.0 0.94 2.3 0
3001 1998 072 25500 20.4 40.4 0.45 2.3 0
3001 1998 073 21400 21.3 34.9 0.76 2.3 0
3001 1998 074 25400 19.1 35.1 0.81 2.3 0
3001 1998 075 19200 18.9 36.5 0.94 2.3 0
3001 1998 076 14900 24.5 32.3 0.61 2.3 0
3001 1998 077 18800 20.9 34.6 0.71 2.3 0
3001 1998 078 25700 16.8 38.5 0.71 2.3 0
3001 1998 079 28700 18.1 38.4 0.57 2.3 0
3001 1998 080 24800 15.9 38.8 0.53 2.3 0
3001 1998 081 24000 18.3 40.7 0.49 2.3 0
3001 1998 082 22800 21.0 41.8 0.57 2.3 0
3001 1998 083 23000 22.0 36.7 1 2.3 0
3001 1998 084 21800 20.3 34.9 1.07 2.3 1
3001 1998 085 20100 22.3 38.5 0.45 2.3 0
3001 1998 086 23800 24.0 43.1 1.07 2.3 0
3001 1998 087 12000 21.3 32.4 1.07 2.3 0
3001 1998 088 23200 19.8 33.1 0.45 2.3 0
3001 1998 089 26200 19.2 35.6 0.31 2.3 0
3001 1998 090 25000 20.3 41.1 0.31 2.3 0
3001 1998 091 21000 25.5 42.4 0.94 2.3 0
3001 1998 092 21600 23.3 43.8 1 2.3 0
3001 1998 093 21600 26.2 41.9 0.53 2.3 0
3001 1998 094 24900 22.9 42.2 0.71 2.3 0
3001 1998 095 25200 23.3 39.0 1.23 2.3 0
3001 1998 096 26000 20.1 39.6 1.31 2.3 0
3001 1998 097 25600 21.5 42.5 1.23 2.3 0
3001 1998 098 25400 24.2 41.8 0.61 2.3 0
3001 1998 099 25200 21.6 39.1 1.15 2.3 0
3001 1998 100 25900 19.7 39.3 1.07 2.3 0
3001 1998 101 23600 20.7 39.4 1.07 2.3 0
3001 1998 102 26600 19.5 39.6 0.76 2.3 0
3001 1998 103 25200 19.7 40.0 0.76 2.3 0
3001 1998 104 25900 23.0 38.8 0.57 2.3 0
3001 1998 105 24600 22.0 39.0 1.07 2.3 0
3001 1998 106 18400 22.4 33.7 1.15 2.3 0
3001 1998 107 19400 22.7 36.8 1.15 2.3 0
3001 1998 108 22300 22.4 38.7 1.07 2.3 0
3001 1998 109 24900 22.0 38.9 1.07 2.3 0
3001 1998 110 25500 19.5 39.1 1.4 2.3 0
3001 1998 111 25100 20.4 37.9 1.15 2.3 0
3001 1998 112 25200 20.8 39.9 1 2.3 0
3001 1998 113 24500 19.8 41.2 1.07 2.3 0
3001 1998 114 26500 22.5 42.2 0.29 2.3 0
3001 1998 115 24100 21.7 42.0 0.22 2.3 1
3001 1998 116 22100 24.3 43.1 0.39 2.3 0
3001 1998 117 24300 23.7 44.3 1.31 2.3 0
3001 1998 118 23900 23.1 44.4 1 2.3 0
3001 1998 119 26600 22.6 43.6 0.22 2.3 0
3001 1998 120 27400 20.2 41.6 0.66 2.3 0
3001 1998 121 26700 21.2 41.2 1.6 2.3 0
3001 1998 122 26900 20.0 38.9 1.71 2.3 0
3001 1998 123 28000 20.2 38.2 1.23 2.3 0
3001 1998 124 28000 19.4 39.2 1.23 2.3 0
3001 1998 125 28500 20.2 39.4 1.07 2.3 0
3001 1998 126 28500 19.3 39.1 1.23 2.3 0
3001 1998 127 27100 22.6 37.5 1.31 2.3 0
3001 1998 128 24900 22.0 37.1 1.5 2.3 0
3001 1998 129 25500 23.1 40.7 1.6 2.3 0
3001 1998 130 17200 27.1 40.7 1 2.3 0
3001 1998 131 16900 29.6 39.5 1.23 2.3 0
3001 1998 132 19900 28.8 40.5 1.23 2.3 0
3001 1998 133 23700 26.7 40.7 0.94 2.3 0
3001 1998 134 23400 24.4 41.7 1.31 2.3 0
3001 1998 135 24400 24.0 43.8 1.23 2.3 0
3001 1998 136 21900 25.8 43.9 1.4 2.3 0
3001 1998 137 20900 26.9 40.9 1.82 2.3 0
3001 1998 138 22600 26.9 42.1 1.82 2.3 0
3001 1998 139 22600 28.2 43.2 1.6 2.3 0
3001 1998 140 22700 27.3 44.5 1.15 2.3 0
3001 1998 141 22500 23.8 42.5 1.5 2.3 0
3001 1998 142 24300 22.1 40.1 1.82 2.3 0
3001 1998 143 22600 23.4 40.2 1.71 2.3 0
3001 1998 144 24800 21.4 41.0 1.15 2.3 0
3001 1998 145 23800 23.4 41.3 1.4 2.3 0
3001 1998 146 24200 22.5 40.2 1.15 2.3 0
3001 1998 147 24400 21.5 41.0 1.4 2.3 0
3001 1998 148 23000 23.8 42.6 1.15 2.3 0
3001 1998 149 21100 24.2 41.9 1 2.3 0
3001 1998 150 23400 24.2 43.0 0.94 2.3 0
3001 1998 151 23900 25.8 43.3 0.76 2.3 0
3001 1998 152 20500 24.0 42.5 0.94 2.3 0
3001 1998 153 24300 25.2 42.0 1.23 2.3 0
3001 1998 154 24700 26.3 43.3 1.5 2.3 0
3001 1998 155 26500 22.5 43.0 1.5 2.3 0
3001 1998 156 26200 22.6 39.8 1.6 2.3 0
3001 1998 157 26600 20.6 38.3 1.71 2.3 0
3001 1998 158 27100 20.9 40.5 1.82 2.3 0
3001 1998 159 21200 21.0 40.8 1.6 2.3 0
3001 1998 160 25900 22.0 42.2 1.5 2.3 0
3001 1998 161 23800 21.8 43.6 1.82 2.3 0
3001 1998 162 24100 22.1 43.0 1.94 2.3 0
3001 1998 163 23800 24.7 38.9 1.15 2.3 0
3001 1998 164 15600 24.9 39.3 1.5 2.3 0
3001 1998 165 17100 24.3 37.5 1.71 2.3 0
3001 1998 166 23300 25.6 43.7 1.94 2.3 0
3001 1998 167 20500 25.8 44.3 0.76 2.3 0
3001 1998 168 25200 25.6 44.0 1.15 2.3 0
3001 1998 169 20100 25.0 37.7 1.82 2.3 0
3001 1998 170 16000 26.5 39.2 2.34 2.3 0
3001 1998 171 14900 25.4 43.6 1.6 2.3 0
3001 1998 172 21800 27.0 38.2 1.6 2.3 0
3001 1998 173 23800 24.0 35.9 2.49 2.3 0
3001 1998 174 21900 24.5 38.8 2.49 2.3 0
3001 1998 175 20200 25.6 42.8 2.34 2.3 0
3001 1998 176 19800 27.7 43.7 2.65 2.3 0
3001 1998 177 21900 26.4 39.7 2.99 2.3 0
3001 1998 178 22700 25.0 38.4 3.17 2.3 0
3001 1998 179 23900 23.3 37.2 2.65 2.3 0
3001 1998 180 24900 22.8 37.1 2.81 2.3 0
3001 1998 181 25800 22.3 40.5 2.49 2.3 0
3001 1998 182 23400 24.0 39.9 2.49 2.3 0
3001 1998 183 19600 25.7 37.2 2.65 2.3 0
3001 1998 184 23700 23.9 37.6 2.07 2.3 0
3001 1998 185 24200 22.9 42.1 2.2 2.3 0
3001 1998 186 19200 24.6 43.5 1.94 2.3 0
3001 1998 187 22900 25.8 40.0 2.81 2.3 0
3001 1998 188 22500 23.0 35.2 2.81 2.3 0
3001 1998 189 21300 21.7 33.9 2.2 2.3 0
3001 1998 190 22900 21.9 35.7 2.34 2.3 0
3001 1998 191 25000 23.3 38.2 2.65 2.3 0
3001 1998 192 24900 24.3 40.3 2.49 2.3 0
3001 1998 193 25100 22.9 36.7 2.49 2.3 0
3001 1998 194 25000 21.2 35.5 2.49 2.3 0
3001 1998 195 25200 21.7 36.3 2.34 2.3 0
3001 1998 196 24300 21.9 35.5 2.34 2.3 0
3001 1998 197 25200 22.2 36.0 2.49 2.3 0
3001 1998 198 24300 22.9 38.8 2.81 2.3 0
3001 1998 199 24300 23.8 37.4 2.81 2.3 0
3001 1998 200 22200 23.0 37.1 2.81 2.3 0
3001 1998 201 23600 24.3 38.3 2.99 2.3 0
3001 1998 202 21100 24.2 35.3 2.81 2.3 0
3001 1998 203 23700 22.8 36.0 2.81 2.3 0
3001 1998 204 22500 23.7 34.9 2.81 2.3 2
3001 1998 205 19200 23.6 34.1 3.17 2.3 40
3001 1998 206 24100 21.7 37.5 2.99 2.3 0
3001 1998 207 18700 23.3 33.4 3.37 2.3 0
3001 1998 208 24500 24.3 36.3 3.37 2.3 0
3001 1998 209 23900 24.5 35.3 3.37 2.3 0
3001 1998 210 20300 25.2 33.2 3.17 2.3 0
3001 1998 211 25800 24.0 35.9 2.65 2.3 0
3001 1998 212 26200 26.7 38.7 2.99 2.3 0
3001 1998 213 22700 26.7 37.9 2.99 2.3 0
3001 1998 214 23200 24.6 35.8 2.99 2.3 0
3001 1998 215 22500 25.3 37.2 3.17 2.3 0
3001 1998 216 19300 26.1 36.5 3.17 2.3 23
3001 1998 217 20700 23.4 37.3 2.99 2.3 1
3001 1998 218 24600 23.5 35.5 3.37 2.3 0
3001 1998 219 20600 24.9 36.9 3.37 2.3 3
3001 1998 220 21500 26.5 37.0 3.57 2.3 0
3001 1998 221 24700 25.8 36.5 3.37 2.3 0
3001 1998 222 22500 25.0 36.6 3.17 2.3 2
3001 1998 223 23200 24.2 34.5 3.37 2.3 1
3001 1998 224 19400 23.9 34.9 3.57 2.3 0
3001 1998 225 23500 25.3 34.3 3.37 2.3 0
3001 1998 226 22500 23.8 34.1 2.99 2.3 0
3001 1998 227 20400 25.4 33.9 2.99 2.3 0
3001 1998 228 25300 24.7 37.4 2.99 2.3 11
3001 1998 229 17400 22.7 33.7 3.17 2.3 0
3001 1998 230 20500 26.0 32.9 3.57 2.3 0
3001 1998 231 25600 25.1 34.9 3.17 2.3 0
3001 1998 232 22900 26.6 35.4 3.37 2.3 0
3001 1998 233 10900 26.7 33.6 1.94 2.3 22
3001 1998 234 23000 23.9 33.7 3.37 2.3 0
3001 1998 235 24200 25.7 35.6 3.57 2.3 1
3001 1998 236 22400 25.7 35.5 3.37 2.3 0
3001 1998 237 24400 25.1 37.2 3.37 2.3 0
3001 1998 238 22900 24.8 39.2 3.37 2.3 0
3001 1998 239 17300 25.6 34.3 3.17 2.3 0
3001 1998 240 22700 25.3 37.4 2.99 2.3 0
3001 1998 241 25700 25.1 38.9 3.37 2.3 0
3001 1998 242 23600 26.9 37.8 3.57 2.3 0
3001 1998 243 23100 25.7 37.4 3.37 2.3 0
3001 1998 244 24300 25.9 36.5 3.37 2.3 0
3001 1998 245 24700 23.4 37.9 2.99 2.3 6
3001 1998 246 24300 23.3 35.5 3.37 2.3 0
3001 1998 247 22600 26.3 39.3 3.57 2.3 0
3001 1998 248 21500 27.6 36.5 3.57 2.3 0
3001 1998 249 20100 26.4 35.4 3.37 2.3 10
3001 1998 250 23500 25.7 37.0 3.37 2.3 42
3001 1998 251 19100 25.7 36.0 3.57 2.3 11
3001 1998 252 11700 25.7 31.5 3.37 2.3 1
3001 1998 253 23300 23.9 34.0 3.37 2.3 8
3001 1998 254 16800 24.5 34.8 3.57 2.3 30
3001 1998 255 16400 23.5 32.9 3.57 2.3 2
3001 1998 256 21800 21.9 32.7 3.37 2.3 0
3001 1998 257 22300 23.5 33.7 3.37 2.3 0
3001 1998 258 21800 26.9 36.1 3.57 2.3 0
3001 1998 259 20600 27.2 35.6 3.79 2.3 1
3001 1998 260 13500 23.3 30.9 2.99 2.3 0
3001 1998 261 17300 24.7 33.8 3.37 2.3 0
3001 1998 262 22700 26.8 37.4 3.57 2.3 0
3001 1998 263 23400 26.0 39.7 3.37 2.3 0
3001 1998 264 24000 25.2 38.8 3.37 2.3 1
3001 1998 265 22400 25.7 35.7 3.37 2.3 2
3001 1998 266 20500 21.8 34.2 3.17 2.3 0
3001 1998 267 21800 25.8 37.8 3.57 2.3 0
3001 1998 268 22900 25.3 38.9 2.99 2.3 9
3001 1998 269 23500 23.8 35.0 3.17 2.3 0
3001 1998 270 20800 25.2 34.3 3.37 2.3 0
3001 1998 271 22900 24.7 37.6 3.37 2.3 0
3001 1998 272 17500 27.2 40.0 3.17 2.3 5
3001 1998 273 15700 24.3 36.6 2.99 2.3 0
3001 1998 274 21300 23.9 38.1 3.37 2.3 0
3001 1998 275 23100 25.4 40.4 3.17 2.3 0
3001 1998 276 22500 23.5 37.5 3.17 2.3 4
3001 1998 277 22100 22.1 39.1 3.17 2.3 0
3001 1998 278 20500 23.3 35.2 3.37 2.3 0
3001 1998 279 22500 24.6 38.9 3.17 2.3 0
3001 1998 280 22100 25.1 38.3 3.57 2.3 0
3001 1998 281 22700 26.0 39.2 3.37 2.3 0
3001 1998 282 23600 25.7 39.4 2.2 2.3 0
3001 1998 283 22900 23.2 35.0 2.07 2.3 0
3001 1998 284 22900 21.1 34.1 2.49 2.3 0
3001 1998 285 19200 21.2 34.3 2.81 2.3 0
3001 1998 286 18700 23.6 36.1 2.99 2.3 0
3001 1998 287 18200 24.4 37.3 2.81 2.3 0
3001 1998 288 22900 22.3 38.7 2.34 2.3 0
3001 1998 289 23100 20.2 39.0 2.2 2.3 0
3001 1998 290 23400 19.0 39.4 2.07 2.3 0
3001 1998 291 22800 19.3 39.7 2.2 2.3 0
3001 1998 292 22300 19.3 42.3 2.34 2.3 0
3001 1998 293 20200 21.0 41.5 2.07 2.3 0
3001 1998 294 18500 25.5 39.9 2.99 2.3 0
3001 1998 295 21900 23.8 40.7 2.65 2.3 0
3001 1998 296 17700 20.2 39.2 1.94 2.3 0
3001 1998 297 21400 19.6 37.6 1.23 2.3 0
3001 1998 298 21800 19.6 36.2 1.5 2.3 0
3001 1998 299 21400 19.5 37.8 1.71 2.3 0
3001 1998 300 20500 18.3 38.4 1.6 2.3 0
3001 1998 301 18300 23.2 39.5 2.07 2.3 0
3001 1998 302 21400 19.7 40.6 1.82 2.3 0
3001 1998 303 22100 17.0 37.5 1.5 2.3 0
3001 1998 304 20400 17.8 37.8 1.71 2.3 0
3001 1998 305 14600 20.8 37.8 2.07 2.3 0
3001 1998 306 15900 21.1 38.9 2.07 2.3 0
3001 1998 307 20000 19.2 38.6 1.82 2.3 0
3001 1998 308 22800 15.4 38.0 1.6 2.3 0
3001 1998 309 22000 12.9 38.8 1.4 2.3 0
3001 1998 310 19700 15.6 38.6 1.71 2.3 0
3001 1998 311 18400 19.6 38.9 2.07 2.3 0
3001 1998 312 16000 19.4 36.8 2.2 2.3 0
3001 1998 313 19500 18.2 38.2 1.82 2.3 0
3001 1998 314 20600 18.1 38.6 1.4 2.3 0
3001 1998 315 21900 15.8 37.8 1.15 2.3 0
3001 1998 316 21200 14.2 37.8 1.4 2.3 0
3001 1998 317 19100 15.3 36.4 1.31 2.3 0
3001 1998 318 20700 17.5 35.4 1.15 2.3 0
3001 1998 319 17400 15.2 33.6 1.31 2.3 0
3001 1998 320 18100 13.7 35.3 1.31 2.3 0
3001 1998 321 14000 16.9 36.1 1.6 2.3 0
3001 1998 322 16800 16.3 36.5 1.6 2.3 0
3001 1998 323 14200 19.6 35.1 1.4 2.3 0
3001 1998 324 14600 18.2 35.8 1.31 2.3 0
3001 1998 325 18300 18.6 36.6 1.31 2.3 0
3001 1998 326 16200 14.3 35.3 1.15 2.3 0
3001 1998 327 19900 14.0 35.2 1.15 2.3 0
3001 1998 328 19700 14.1 35.7 1.23 2.3 0
3001 1998 329 18800 15.3 35.3 1.15 2.3 0
3001 1998 330 14000 20.1 32.9 1 2.3 0
3001 1998 331 13000 19.0 30.8 0.87 2.3 0
3001 1998 332 20200 18.3 32.7 0.87 2.3 0
3001 1998 333 20200 15.6 33.5 0.76 2.3 0
3001 1998 334 12100 19.1 29.1 0.81 2.3 0
3001 1998 335 9600 19.1 29.0 0.81 2.3 0
3001 1998 336 19100 14.2 34.7 1.15 2.3 0
3001 1998 337 19500 13.8 34.8 1.23 2.3 0
3001 1998 338 17900 14.0 34.2 1.31 2.3 0
3001 1998 339 17900 13.5 33.4 1.4 2.3 0
3001 1998 340 18300 14.2 34.5 1.6 2.3 0
3001 1998 341 17300 17.1 34.7 1.31 2.3 0
3001 1998 342 16900 17.8 32.7 1.07 2.3 0
3001 1998 343 14300 21.0 30.7 1.15 2.3 0
3001 1998 344 18200 17.6 29.2 0.94 2.3 0
3001 1998 345 19400 15.4 27.7 0.61 2.3 0
3001 1998 346 19200 14.2 27.3 0.57 2.3 0
3001 1998 347 15900 16.8 28.7 0.81 2.3 0
3001 1998 348 12200 16.7 30.6 1 2.3 0
3001 1998 349 14000 17.6 33.0 1.4 2.3 0
3001 1998 350 15400 20.1 32.8 1.5 2.3 0
3001 1998 351 16800 15.0 34.1 1.6 2.3 0
3001 1998 352 15700 14.5 34.3 1.5 2.3 0
3001 1998 353 17300 13.0 34.3 1.4 2.3 0
3001 1998 354 15200 16.2 33.3 1.15 2.3 0
3001 1998 355 12600 17.1 30.6 1 2.3 0
3001 1998 356 14900 16.0 32.0 0.94 2.3 0
3001 1998 357 8100 16.0 28.0 1 2.3 0
3001 1998 358 19000 11.3 32.3 1.07 2.3 0
3001 1998 359 19000 10.6 33.7 1.15 2.3 0
3001 1998 360 16700 12.1 34.1 1.23 2.3 0
3001 1998 361 17100 12.9 33.8 1.15 2.3 0
3001 1998 362 14100 17.1 29.8 0.71 2.3 0
3001 1998 363 12100 17.7 27.8 1.31 2.3 0
3001 1998 364 16400 11.2 27.8 1.23 2.3 0
3001 1998 365 20800 11.0 28.7 0.94 2.3 0
