*---------------------------------------------------------*
*   Country: Senegal
*   Station: SEN_HUB_fanaye
*   Station #: 3001
*   Year: 2006
*   Source: AfricaRice; historical observed data (1991-1999,2006-2011, 2013,2014)
*   Author: Pepijn van Oort (AfricaRice). Original Script by Justin van Wart (University Nebraska)
*   Longitude: -14.80 (decimal degrees East)
*   Latitude: 16.53 (decimal degrees North)
*   Elevation: 11 m.
*
*  Columns:
*  ========
*  1 station number
*  2 year
*  3 day
*  4 irradiation (kJ m-2 d-1)
*  5 minimum temperature (degrees Celsius)
*  6 maximum temperature (degrees Celsius)
*  7 actual vapour pressure (kPa)   
*  8 mean wind speed (m s-1)
*  9 precipitation (mm d-1)
*
** WCCDESCRIPTION=Senegal, SEN_HUB_fanaye
** WCCFORMAT=2
** WCCYEARNR= 2006
*
* COMMENT - START
*   Filename: SEN3001.006
*   Source file: SEN_HUBHIST_Fanaye.xlsx; sheet: GYGAReady_public_propagation
*   Source file contains station data (black) and propagated data (red).
*   When station data are available these are filled in in the current file.
*   When station data are not available the method uses NASA data from the POWER database.
*   Tmin, Tmax and Tdew from the POWER database are corrected for bias based on empirical regression between POWER data and available station data.
* COMMENT - END
*---------------------------------------------------------*
-14.80  16.53  11  0  0
3001 2006 001 15900 13.3 29.9 0.82 5.5 0
3001 2006 002 14500 8.2 32.3 0.95 4.6 0
3001 2006 003 15900 8.2 32.8 0.89 3.4 0
3001 2006 004 16100 8.2 33.6 0.79 3.4 0
3001 2006 005 13100 12.2 30.7 0.85 3.5 0
3001 2006 006 14700 16.0 31.5 0.79 4.7 0
3001 2006 007 15200 9.4 28.7 0.73 4.6 0
3001 2006 008 15200 8.2 28.3 0.72 4.0 0
3001 2006 009 15800 8.2 29.5 0.92 2.8 0
3001 2006 010 16100 14.5 33.6 0.84 3.5 0
3001 2006 011 19800 21.0 27.9 1.2 3.9 0
3001 2006 012 15700 18.7 31.1 1.59 4.7 0
3001 2006 013 14900 17.5 29.5 1.31 4.9 0
3001 2006 014 17900 19.0 31.1 1.07 6.6 0
3001 2006 015 16800 18.7 29.5 0.97 6.7 0
3001 2006 016 14800 14.1 28.7 0.71 6.1 0
3001 2006 017 12200 12.9 25.2 0.9 7.0 0
3001 2006 018 17300 15.6 25.2 0.94 6.5 0
3001 2006 019 15500 11.4 27.9 0.66 4.8 0
3001 2006 020 15600 9.4 30.7 0.7 4.3 0
3001 2006 021 14000 16.4 29.9 0.76 4.5 0
3001 2006 022 20100 14.5 34.0 0.74 4.6 0
3001 2006 023 18800 16.4 33.6 1.04 5.7 0
3001 2006 024 10700 20.2 31.1 1.07 3.4 0
3001 2006 025 15100 17.5 32.3 1.24 4.5 0
3001 2006 026 15900 16.0 32.8 1.47 4.9 0
3001 2006 027 16200 13.7 32.3 1 3.1 0
3001 2006 028 15900 12.6 29.9 1.33 3.6 0
3001 2006 029 15900 11.4 29.5 1.48 4.8 0
3001 2006 030 15700 11.0 30.3 0.93 5.0 0
3001 2006 031 16100 12.9 30.3 0.96 4.5 0
3001 2006 032 17900 9.0 33.6 0.96 2.8 0
3001 2006 033 11200 11.0 30.7 0.95 3.2 0
3001 2006 034 18300 15.6 33.2 0.94 3.1 0
3001 2006 035 19000 14.9 34.9 1.19 2.9 0
3001 2006 036 14000 12.9 31.9 1.31 3.6 0
3001 2006 037 18200 16.0 36.6 1.28 4.2 0
3001 2006 038 17200 16.8 36.6 1.33 3.3 0
3001 2006 039 14700 18.3 36.6 1.05 3.0 0
3001 2006 040 12200 20.6 29.1 1.33 2.6 1
3001 2006 041 18900 17.9 30.7 1.55 2.2 0
3001 2006 042 12600 15.2 27.9 1.82 4.2 0
3001 2006 043 19200 15.2 29.5 1.64 3.6 1
3001 2006 044 18500 16.4 31.5 1.42 4.1 0
3001 2006 045 18600 16.0 29.9 1.24 6.3 0
3001 2006 046 20400 11.4 31.5 1.35 4.4 0
3001 2006 047 20400 13.3 31.5 1.13 5.0 0
3001 2006 048 20700 12.2 31.5 1.51 4.9 0
3001 2006 049 20300 10.2 33.2 1.53 5.3 0
3001 2006 050 21000 11.8 34.4 1.27 5.3 0
3001 2006 051 20200 10.6 34.4 1.09 4.6 0
3001 2006 052 21400 11.4 34.9 1.04 5.0 0
3001 2006 053 21700 14.1 34.9 0.97 5.8 0
3001 2006 054 21700 14.1 35.7 0.84 5.6 0
3001 2006 055 20000 10.2 36.1 0.58 4.5 0
3001 2006 056 22200 7.8 36.6 0.74 4.3 0
3001 2006 057 22300 8.6 37.0 0.97 4.2 0
3001 2006 058 21200 9.4 37.4 0.99 4.2 0
3001 2006 059 22100 16.0 36.1 1.22 4.1 0
3001 2006 060 19800 14.9 31.5 1.2 4.5 0
3001 2006 061 22200 13.7 34.0 1.18 3.6 0
3001 2006 062 20900 13.3 37.4 1.12 3.6 0
3001 2006 063 21300 14.5 38.3 1.07 4.5 0
3001 2006 064 21900 17.1 37.4 1.08 5.5 0
3001 2006 065 20200 15.6 38.8 0.95 5.8 0
3001 2006 066 22000 15.2 37.4 0.97 5.8 0
3001 2006 067 21100 21.0 33.6 0.59 7.4 0
3001 2006 068 22000 18.3 35.3 0.46 5.1 0
3001 2006 069 22200 13.7 39.2 0.42 4.7 0
3001 2006 070 22200 14.9 40.6 0.51 4.5 0
3001 2006 071 22300 17.1 42.0 0.52 3.0 0
3001 2006 072 22900 15.6 42.0 0.49 2.6 0
3001 2006 073 24300 15.2 42.9 0.56 2.0 0
3001 2006 074 23100 15.2 43.4 0.71 2.3 0
3001 2006 075 24900 17.9 43.9 0.74 2.9 0
3001 2006 076 24800 17.9 42.5 0.66 2.1 0
3001 2006 077 23800 19.0 39.2 0.99 5.1 0
3001 2006 078 23700 18.3 39.2 1.17 4.9 0
3001 2006 079 23500 18.3 37.0 1.17 4.6 0
3001 2006 080 25400 17.9 38.8 1.07 4.3 0
3001 2006 081 25400 17.5 40.6 1.03 4.4 0
3001 2006 082 23300 20.6 43.9 0.9 4.9 0
3001 2006 083 24700 23.2 43.9 0.87 4.2 0
3001 2006 084 26200 21.7 44.4 0.61 3.1 0
3001 2006 085 25800 19.0 43.9 0.44 3.8 0
3001 2006 086 22000 17.1 43.4 0.41 3.6 0
3001 2006 087 26300 19.8 43.9 0.48 3.9 0
3001 2006 088 26600 22.5 42.0 0.78 3.3 0
3001 2006 089 22800 20.6 40.6 1.66 2.6 0
3001 2006 090 22600 20.6 42.5 1.71 1.7 0
3001 2006 091 26000 17.5 43.9 1.16 3.3 0
3001 2006 092 26800 17.5 43.9 0.78 2.2 0
3001 2006 093 26600 22.1 44.9 0.88 2.1 0
3001 2006 094 26600 21.0 44.9 0.87 3.5 0
3001 2006 095 26500 23.6 44.4 0.87 4.1 0
3001 2006 096 24300 20.6 42.9 1.1 3.9 0
3001 2006 097 26000 19.4 43.4 1.06 3.5 0
3001 2006 098 25400 19.4 42.0 1.18 3.2 0
3001 2006 099 23200 19.8 41.5 1.19 5.0 0
3001 2006 100 24900 20.6 41.5 1.38 5.2 0
3001 2006 101 25100 21.3 43.4 1.27 4.4 0
3001 2006 102 25700 21.7 44.9 1.01 3.8 0
3001 2006 103 26000 21.0 42.9 0.95 1.8 0
3001 2006 104 26000 21.0 41.5 1.6 2.0 0
3001 2006 105 24700 21.3 42.9 1.1 4.6 0
3001 2006 106 25600 24.0 43.9 1.19 6.2 0
3001 2006 107 26100 24.0 43.4 1.13 5.3 0
3001 2006 108 24700 21.3 41.5 1.12 3.3 0
3001 2006 109 24400 20.6 40.6 1.3 2.7 0
3001 2006 110 24600 20.2 41.1 1.23 3.6 0
3001 2006 111 24500 20.6 39.7 1.24 3.2 0
3001 2006 112 24300 21.7 39.2 1.25 4.1 0
3001 2006 113 26300 21.7 37.9 1.36 3.0 0
3001 2006 114 25700 21.0 39.7 1.53 4.7 0
3001 2006 115 25200 22.5 39.2 1.1 5.1 0
3001 2006 116 24400 21.3 39.2 1.14 4.1 0
3001 2006 117 25800 19.8 40.6 1.14 4.0 0
3001 2006 118 26400 19.8 38.8 0.94 3.6 0
3001 2006 119 25500 17.1 34.4 1.13 3.5 0
3001 2006 120 25300 17.5 32.8 1.65 4.5 0
3001 2006 121 26000 17.9 32.8 1.74 4.1 0
3001 2006 122 24300 19.0 34.4 1.74 4.6 0
3001 2006 123 24600 19.8 36.6 1.57 4.3 0
3001 2006 124 24700 20.6 38.8 1.22 4.9 0
3001 2006 125 26000 22.5 41.5 1.28 4.5 0
3001 2006 126 25700 24.8 39.2 1.04 4.5 0
3001 2006 127 24700 22.1 42.0 0.94 4.1 0
3001 2006 128 25700 21.0 42.5 1.1 3.8 0
3001 2006 129 24900 19.8 41.5 1.38 3.9 0
3001 2006 130 24500 19.4 40.6 1.61 4.9 0
3001 2006 131 24100 20.6 41.1 1.51 4.3 0
3001 2006 132 24200 19.8 40.1 1.26 4.3 0
3001 2006 133 25100 20.2 42.0 1.13 4.5 0
3001 2006 134 25700 20.6 41.1 0.98 4.2 0
3001 2006 135 24400 18.7 37.9 0.94 2.6 0
3001 2006 136 25600 18.3 39.2 1.22 3.5 0
3001 2006 137 26400 20.6 42.5 1.24 4.3 0
3001 2006 138 25500 24.4 45.4 1 5.9 0
3001 2006 139 25900 29.5 45.9 1.07 4.6 0
3001 2006 140 26400 21.7 36.1 1.24 2.1 0
3001 2006 141 25200 20.2 33.2 1.81 4.0 0
3001 2006 142 25900 19.0 35.3 1.68 3.6 0
3001 2006 143 25600 18.7 38.3 1.6 2.1 0
3001 2006 144 25500 21.0 37.4 1.78 1.9 0
3001 2006 145 24400 21.0 40.1 2.03 1.8 0
3001 2006 146 25100 22.9 40.1 2.08 1.9 0
3001 2006 147 24300 24.0 40.1 1.78 3.2 0
3001 2006 148 24400 24.8 40.6 1.66 4.2 0
3001 2006 149 25000 27.5 42.0 1.67 4.8 0
3001 2006 150 25400 26.0 44.9 1.48 4.5 0
3001 2006 151 25600 26.7 44.4 1.6 3.7 0
3001 2006 152 26500 23.2 44.4 1.49 4.6 0
3001 2006 153 24900 26.3 42.5 1.61 3.9 0
3001 2006 154 25100 25.2 37.4 1.77 2.3 0
3001 2006 155 25300 24.8 44.9 1.51 3.6 0
3001 2006 156 25300 27.5 45.4 1.06 4.2 0
3001 2006 157 27500 26.7 44.4 0.84 2.8 0
3001 2006 158 26200 22.9 41.1 1.24 2.2 0
3001 2006 159 24600 23.6 37.4 1.81 3.1 0
3001 2006 160 22600 22.1 38.8 1.84 3.2 0
3001 2006 161 25800 22.5 37.4 1.91 2.6 0
3001 2006 162 24300 22.9 39.7 2.15 3.4 0
3001 2006 163 25800 24.8 41.5 1.96 3.3 0
3001 2006 164 26500 24.8 38.3 1.76 2.5 0
3001 2006 165 24900 23.2 37.9 2.85 2.5 8
3001 2006 166 24500 24.0 35.3 2.78 3.8 0
3001 2006 167 25600 22.9 42.5 1.53 5.3 0
3001 2006 168 26600 27.5 39.7 1.82 6.0 0
3001 2006 169 20500 26.0 35.7 2.26 2.2 0
3001 2006 170 25300 22.5 41.5 1.65 4.3 0
3001 2006 171 25800 22.9 42.9 1.51 4.3 0
3001 2006 172 24900 24.4 40.1 1.62 2.7 0
3001 2006 173 24700 24.8 36.1 2.08 2.4 0
3001 2006 174 23600 24.0 40.1 1.91 2.3 0
3001 2006 175 24800 26.7 40.6 1.83 3.0 1
3001 2006 176 25200 26.0 42.9 1.73 3.5 0
3001 2006 177 23100 25.6 39.7 1.84 3.5 0
3001 2006 178 24800 24.8 39.2 2.62 3.1 15
3001 2006 179 26800 26.7 42.9 2.46 3.6 0
3001 2006 180 26600 25.2 43.9 1.55 4.6 0
3001 2006 181 25600 26.3 42.0 1.48 2.3 0
3001 2006 182 26700 26.3 39.7 1.91 3.0 0
3001 2006 183 25300 26.0 39.7 2.88 4.1 0
3001 2006 184 22900 26.0 37.4 2.71 4.8 0
3001 2006 185 25200 25.2 37.9 2.44 3.7 0
3001 2006 186 25700 24.0 37.4 2.03 3.7 0
3001 2006 187 26400 25.2 35.7 2.04 3.0 0
3001 2006 188 26900 25.2 36.6 2.23 3.6 0
3001 2006 189 26100 24.4 36.1 2.36 4.3 0
3001 2006 190 25800 23.6 36.6 2.34 3.2 0
3001 2006 191 25500 22.9 39.7 2.03 3.2 0
3001 2006 192 26100 24.0 38.8 2.16 3.1 0
3001 2006 193 25300 25.6 38.3 2.36 2.4 0
3001 2006 194 26100 25.6 35.7 2.41 6.1 0
3001 2006 195 22200 24.0 34.4 2.43 3.5 0
3001 2006 196 26000 23.6 38.8 2.38 2.6 0
3001 2006 197 19700 23.6 32.8 2.33 2.4 13
3001 2006 198 23800 24.4 39.7 2.31 3.5 0
3001 2006 199 26300 25.6 38.3 2.15 3.9 0
3001 2006 200 25000 25.6 36.1 2.27 4.4 0
3001 2006 201 21300 22.5 36.6 2.71 4.7 3
3001 2006 202 24200 24.0 34.0 2.73 3.1 1
3001 2006 203 19800 21.3 31.9 2.6 5.3 18
3001 2006 204 21300 23.2 31.1 2.51 4.0 0
3001 2006 205 23100 22.9 34.9 2.46 2.8 0
3001 2006 206 25600 26.3 36.1 3.23 2.9 0
3001 2006 207 22200 25.6 36.1 3.47 2.9 6
3001 2006 208 26700 25.6 37.4 3.25 3.5 0
3001 2006 209 11100 22.1 34.0 3.66 2.5 17
3001 2006 210 19300 22.9 31.9 3.35 2.6 5
3001 2006 211 14600 24.4 35.7 2.88 2.0 0
3001 2006 212 24600 25.2 37.4 3.21 2.7 0
3001 2006 213 21500 26.7 35.3 2.86 4.2 0
3001 2006 214 23200 25.6 33.2 2.63 4.8 0
3001 2006 215 22600 23.6 35.3 2.52 2.6 0
3001 2006 216 22700 24.8 36.6 2.54 2.6 0
3001 2006 217 23000 26.0 34.0 2.88 5.0 0
3001 2006 218 16800 26.0 34.4 3.02 3.4 0
3001 2006 219 20500 22.9 36.6 2.8 3.0 6
3001 2006 220 23800 23.2 34.9 2.78 3.2 11
3001 2006 221 25100 24.4 33.6 2.08 2.8 0
3001 2006 222 22100 22.9 32.3 1.72 2.2 0
3001 2006 223 23200 24.0 33.2 1.95 2.6 0
3001 2006 224 20400 24.8 36.1 2.65 2.4 0
3001 2006 225 16400 24.0 31.9 2.8 2.7 7
3001 2006 226 23500 25.6 37.4 3.47 3.3 0
3001 2006 227 19700 23.2 33.6 3.57 2.1 1
3001 2006 228 24400 23.6 34.9 3.21 1.3 0
3001 2006 229 23800 26.0 36.1 2.63 3.6 0
3001 2006 230 22700 21.3 37.4 2.81 4.4 0
3001 2006 231 23300 22.9 34.9 3.17 2.9 1
3001 2006 232 22300 26.7 36.6 3.31 3.5 0
3001 2006 233 21400 27.9 35.3 3.35 2.3 0
3001 2006 234 22600 26.3 34.0 3.29 4.7 0
3001 2006 235 22500 25.6 36.6 2.47 5.2 21
3001 2006 236 17700 26.0 35.3 2.51 4.3 1
3001 2006 237 17200 27.9 35.3 3.47 4.5 0
3001 2006 238 17900 24.8 37.9 3.81 2.5 0
3001 2006 239 24300 26.3 40.6 3.79 1.9 0
3001 2006 240 19000 26.3 35.7 3.74 1.9 0
3001 2006 241 21400 23.6 35.7 3.59 1.7 12
3001 2006 242 19600 23.2 34.4 3.61 1.3 0
3001 2006 243 16600 23.2 35.3 3.47 1.8 0
3001 2006 244 20800 24.4 32.8 3.61 2.4 0
3001 2006 245 10500 25.2 34.4 3.61 1.9 7
3001 2006 246 21400 25.6 36.6 3.53 2.5 0
3001 2006 247 21100 26.7 37.4 3.55 2.6 0
3001 2006 248 19900 22.9 31.1 3.47 2.9 0
3001 2006 249 19900 24.8 37.0 3.57 3.3 0
3001 2006 250 13600 26.3 37.4 3.39 2.5 2
3001 2006 251 22200 27.9 35.3 3.39 1.7 0
3001 2006 252 21500 24.8 37.9 3.39 1.5 0
3001 2006 253 19400 26.3 40.6 3.45 4.2 0
3001 2006 254 20700 26.3 35.7 3.68 2.5 0
3001 2006 255 19400 23.6 35.7 3.57 2.2 0
3001 2006 256 14700 23.2 34.4 3.64 1.8 29
3001 2006 257 22500 23.2 35.3 3.57 1.5 0
3001 2006 258 17900 24.4 32.8 3.7 1.8 8
3001 2006 259 21100 25.2 34.4 3.61 1.3 3
3001 2006 260 19400 25.6 36.6 3.68 2.2 0
3001 2006 261 21000 26.7 37.4 3.47 2.1 0
3001 2006 262 18000 22.9 31.1 3.31 1.4 5
3001 2006 263 23400 24.8 37.0 3.43 2.6 0
3001 2006 264 19600 26.3 37.4 3.31 2.0 0
3001 2006 265 19800 24.4 40.1 2.81 3.1 0
3001 2006 266 20000 25.6 37.9 2.65 2.0 0
3001 2006 267 20600 23.2 38.8 2.52 1.6 0
3001 2006 268 21700 23.6 39.2 2.38 2.5 0
3001 2006 269 20400 25.2 37.4 3.45 2.1 1
3001 2006 270 15800 24.8 33.6 3.04 1.1 0
3001 2006 271 18800 26.0 39.2 2.33 3.6 0
3001 2006 272 18900 26.3 38.8 2.55 1.8 0
3001 2006 273 20700 26.0 40.6 2.34 2.3 0
3001 2006 274 21500 24.8 40.6 2 3.5 0
3001 2006 275 23300 22.1 39.7 1.96 2.0 0
3001 2006 276 22000 22.9 39.2 2.38 1.8 0
3001 2006 277 12100 26.0 35.3 3.61 2.9 2
3001 2006 278 23500 25.6 41.1 3.04 1.7 0
3001 2006 279 18800 26.0 41.5 2.11 2.8 0
3001 2006 280 20100 21.7 39.7 1.51 1.8 0
3001 2006 281 19300 22.5 39.2 1.75 3.1 0
3001 2006 282 16900 24.0 37.9 1.98 3.1 0
3001 2006 283 17400 27.5 38.8 2.4 2.1 0
3001 2006 284 19000 26.0 40.1 1.9 2.9 0
3001 2006 285 20200 22.5 39.2 1.38 3.7 0
3001 2006 286 16900 23.2 36.6 2.9 2.6 0
3001 2006 287 19800 27.1 37.0 2.99 2.1 0
3001 2006 288 19700 26.3 40.1 2.6 2.3 0
3001 2006 289 19300 25.6 41.5 1.91 4.4 0
3001 2006 290 17900 25.2 39.7 1.9 4.4 0
3001 2006 291 17900 24.8 38.8 1.96 6.7 0
3001 2006 292 17000 26.3 37.9 2.19 4.9 0
3001 2006 293 18000 21.7 39.2 1.85 3.6 0
3001 2006 294 17200 22.1 39.7 1.75 3.3 0
3001 2006 295 16700 21.7 41.1 1.85 2.4 0
3001 2006 296 17000 23.6 37.9 1.93 3.6 0
3001 2006 297 17200 21.0 40.1 1.96 3.7 0
3001 2006 298 17200 22.1 39.2 1.85 4.1 0
3001 2006 299 17400 22.1 37.4 1.87 4.6 0
3001 2006 300 17200 21.3 37.0 1.85 3.0 0
3001 2006 301 17300 20.6 35.3 1.61 2.4 0
3001 2006 302 17000 19.8 36.6 1.63 2.4 0
3001 2006 303 16400 21.0 37.4 1.63 3.2 0
3001 2006 304 16400 22.5 39.7 1.5 2.9 0
3001 2006 305 21000 19.8 39.7 1.19 3.1 0
3001 2006 306 20800 17.9 41.1 1.01 2.3 0
3001 2006 307 22300 21.3 38.8 1.03 1.4 0
3001 2006 308 21700 17.5 39.2 0.91 2.8 0
3001 2006 309 19400 16.8 39.2 0.95 3.1 0
3001 2006 310 21100 17.1 38.8 1.05 2.3 0
3001 2006 311 21700 15.2 39.2 1.05 2.7 0
3001 2006 312 20300 16.0 38.8 1.24 2.9 0
3001 2006 313 19800 17.5 38.8 1.34 2.9 0
3001 2006 314 20300 17.9 39.2 1.56 2.0 0
3001 2006 315 17700 20.6 38.3 1.83 3.1 0
3001 2006 316 17100 20.2 37.9 1.5 3.9 0
3001 2006 317 18300 17.1 37.9 1.29 4.4 0
3001 2006 318 19000 18.3 35.3 1.09 4.7 0
3001 2006 319 19400 15.2 33.6 0.95 3.8 0
3001 2006 320 18900 12.2 35.7 1 3.2 0
3001 2006 321 19800 13.3 36.1 1.02 2.8 0
3001 2006 322 18900 17.5 39.2 1.2 1.6 0
3001 2006 323 19500 19.0 36.6 1.23 1.9 0
3001 2006 324 16600 14.5 36.6 1.07 3.4 0
3001 2006 325 16200 14.1 35.7 0.9 4.2 0
3001 2006 326 16100 12.9 35.3 0.85 4.3 0
3001 2006 327 15400 11.8 35.7 0.92 3.1 0
3001 2006 328 15700 11.8 35.3 0.88 2.1 0
3001 2006 329 14200 15.2 33.6 0.94 2.5 0
3001 2006 330 18400 11.0 37.0 1.01 3.2 0
3001 2006 331 17600 11.0 36.1 1.04 4.4 0
3001 2006 332 17200 11.8 37.0 0.98 4.1 0
3001 2006 333 18800 11.8 35.7 0.93 3.8 0
3001 2006 334 16900 10.2 34.0 0.88 3.6 0
3001 2006 335 19300 10.2 32.8 0.87 4.8 0
3001 2006 336 18000 12.6 32.8 0.97 5.5 0
3001 2006 337 16600 11.8 31.1 0.94 5.1 0
3001 2006 338 16900 9.8 34.0 0.9 4.2 0
3001 2006 339 16200 15.6 32.8 0.87 5.6 0
3001 2006 340 14100 16.4 30.3 0.88 6.1 0
3001 2006 341 10600 14.1 30.3 1 4.8 0
3001 2006 342 15000 10.6 30.7 0.92 4.0 0
3001 2006 343 15000 11.4 31.1 0.96 4.4 0
3001 2006 344 11700 14.1 29.1 0.96 6.0 0
3001 2006 345 18500 17.1 25.2 1.22 5.9 0
3001 2006 346 16500 15.6 26.7 1.19 6.2 0
3001 2006 347 16500 16.8 24.8 1.22 4.6 0
3001 2006 348 15300 13.3 29.9 1.13 3.2 0
3001 2006 349 16000 12.9 35.7 1.1 2.3 0
3001 2006 350 17500 14.5 34.9 1.17 3.1 0
3001 2006 351 16400 14.1 34.0 1.03 5.6 0
3001 2006 352 16100 17.5 29.5 0.91 5.8 0
3001 2006 353 18100 10.2 28.3 0.95 5.2 0
3001 2006 354 17300 10.2 28.7 0.99 4.3 0
3001 2006 355 16600 9.4 30.7 1 3.5 0
3001 2006 356 17100 9.8 32.3 0.95 4.2 0
3001 2006 357 17500 11.8 31.9 0.94 5.2 0
3001 2006 358 16600 11.4 35.7 0.97 3.9 0
3001 2006 359 16600 12.6 37.4 1.07 2.6 0
3001 2006 360 14000 12.6 34.0 0.98 2.9 0
3001 2006 361 14100 14.1 31.5 0.79 4.1 0
3001 2006 362 10100 17.1 30.7 0.66 3.4 0
3001 2006 363 18500 12.2 32.3 0.79 4.2 0
3001 2006 364 11800 11.8 29.9 0.82 5.3 0
3001 2006 365 15700 14.5 29.9 0.72 7.1 0
