*---------------------------------------------------------*
*   Country: Senegal
*   Station: SEN_HUB_fanaye
*   Station #: 3001
*   Year: 1986
*   Source: AfricaRice; historical observed data (1991-1999,2006-2011, 2013,2014)
*   Author: Pepijn van Oort (AfricaRice). Original Script by Justin van Wart (University Nebraska)
*   Longitude: -14.80 (decimal degrees East)
*   Latitude: 16.53 (decimal degrees North)
*   Elevation: 11 m.
*
*  Columns:
*  ========
*  1 station number
*  2 year
*  3 day
*  4 irradiation (kJ m-2 d-1)
*  5 minimum temperature (degrees Celsius)
*  6 maximum temperature (degrees Celsius)
*  7 actual vapour pressure (kPa)   
*  8 mean wind speed (m s-1)
*  9 precipitation (mm d-1)
*
** WCCDESCRIPTION=Senegal, SEN_HUB_fanaye
** WCCFORMAT=2
** WCCYEARNR= 1986
*
* COMMENT - START
*   Filename: SEN3001.986
*   Source file: SEN_HUBHIST_Fanaye.xlsx; sheet: GYGAReady_public_propagation
*   Source file contains station data (black) and propagated data (red).
*   When station data are available these are filled in in the current file.
*   When station data are not available the method uses NASA data from the POWER database.
*   Tmin, Tmax and Tdew from the POWER database are corrected for bias based on empirical regression between POWER data and available station data.
* COMMENT - END
*---------------------------------------------------------*
-14.80  16.53  11  0  0
3001 1986 001 17100 14.3 29.8 1.12 2.3 -99
3001 1986 002 13100 14.7 31.0 0.97 2.3 -99
3001 1986 003 17500 13.7 31.3 0.89 2.3 -99
3001 1986 004 16100 15.7 29.1 1.23 2.3 -99
3001 1986 005 17500 12.6 27.8 1.04 2.3 -99
3001 1986 006 16700 12.8 28.1 0.84 2.3 -99
3001 1986 007 16300 14.0 29.7 0.87 2.3 -99
3001 1986 008 17000 14.7 31.2 0.75 2.3 -99
3001 1986 009 17600 13.9 30.3 0.76 2.3 -99
3001 1986 010 16300 13.7 31.7 0.75 2.3 -99
3001 1986 011 15000 13.9 30.4 0.84 2.3 -99
3001 1986 012 14300 12.5 27.8 0.85 2.3 -99
3001 1986 013 16500 11.6 29.3 0.89 2.3 -99
3001 1986 014 16800 11.6 29.0 0.72 2.3 -99
3001 1986 015 16700 13.4 29.2 0.85 2.3 -99
3001 1986 016 11800 13.3 29.2 0.88 2.3 -99
3001 1986 017 15900 12.9 30.2 0.82 2.3 -99
3001 1986 018 13900 13.8 30.7 0.7 2.3 -99
3001 1986 019 16800 14.3 30.3 0.65 2.3 -99
3001 1986 020 17400 12.2 27.5 0.76 2.3 -99
3001 1986 021 17500 11.2 29.3 0.67 2.3 -99
3001 1986 022 16700 11.9 29.5 0.76 2.3 -99
3001 1986 023 17400 12.0 30.5 0.77 2.3 -99
3001 1986 024 18400 12.2 31.4 0.69 2.3 -99
3001 1986 025 15900 13.7 31.6 0.66 2.3 -99
3001 1986 026 16300 13.9 32.7 0.72 2.3 -99
3001 1986 027 15300 14.2 33.8 0.72 2.3 -99
3001 1986 028 16200 13.8 33.4 0.76 2.3 -99
3001 1986 029 14900 17.9 33.2 1.13 2.3 -99
3001 1986 030 17500 18.4 34.1 1.16 2.3 -99
3001 1986 031 10800 16.6 31.7 1.19 2.3 -99
3001 1986 032 17300 15.5 31.4 1.36 2.3 -99
3001 1986 033 10700 17.2 31.7 1.45 2.3 -99
3001 1986 034 16900 15.5 30.4 1.59 2.3 -99
3001 1986 035 15900 15.1 31.4 1.36 2.3 -99
3001 1986 036 18000 17.9 32.5 1.38 2.3 -99
3001 1986 037 19000 16.2 30.7 1.17 2.3 -99
3001 1986 038 21100 14.0 30.3 0.98 2.3 -99
3001 1986 039 21200 12.3 31.5 0.75 2.3 -99
3001 1986 040 23300 13.3 32.3 0.72 2.3 -99
3001 1986 041 22700 13.5 33.3 0.6 2.3 -99
3001 1986 042 22200 15.0 34.4 0.73 2.3 -99
3001 1986 043 22200 15.4 35.4 0.95 2.3 -99
3001 1986 044 20100 16.2 34.9 1.01 2.3 -99
3001 1986 045 22600 16.1 34.9 0.75 2.3 -99
3001 1986 046 22500 15.0 34.4 0.73 2.3 -99
3001 1986 047 22900 14.7 34.6 0.63 2.3 -99
3001 1986 048 21700 14.1 34.3 0.74 2.3 -99
3001 1986 049 21600 14.0 35.4 0.88 2.3 -99
3001 1986 050 22600 15.5 35.0 1.1 2.3 -99
3001 1986 051 20100 17.4 35.5 0.95 2.3 -99
3001 1986 052 17500 17.9 35.0 0.92 2.3 -99
3001 1986 053 22800 18.2 35.5 1.12 2.3 -99
3001 1986 054 22800 17.2 36.6 0.93 2.3 -99
3001 1986 055 23400 16.5 37.0 0.88 2.3 -99
3001 1986 056 17800 16.5 36.7 0.87 2.3 -99
3001 1986 057 22800 16.2 35.8 1.13 2.3 -99
3001 1986 058 21600 14.4 32.3 1.59 2.3 -99
3001 1986 059 24000 13.9 28.7 1.77 2.3 -99
3001 1986 060 20200 12.6 30.1 1.45 2.3 -99
3001 1986 061 10900 15.4 32.0 1.24 2.3 -99
3001 1986 062 10200 18.8 32.1 1.26 2.3 -99
3001 1986 063 19500 18.7 30.6 1.38 2.3 -99
3001 1986 064 22100 14.7 31.3 1.07 2.3 -99
3001 1986 065 22400 14.3 30.8 1.2 2.3 -99
3001 1986 066 25300 14.0 32.2 1.18 2.3 -99
3001 1986 067 25300 15.2 33.6 1.13 2.3 -99
3001 1986 068 25200 16.2 34.0 1.19 2.3 -99
3001 1986 069 26100 15.0 33.9 0.94 2.3 -99
3001 1986 070 26100 13.6 34.5 0.88 2.3 -99
3001 1986 071 26600 13.6 34.8 0.79 2.3 -99
3001 1986 072 26500 14.7 35.8 0.72 2.3 -99
3001 1986 073 26300 15.8 36.7 0.57 2.3 -99
3001 1986 074 26400 16.2 36.6 0.5 2.3 -99
3001 1986 075 26200 16.2 35.8 0.79 2.3 -99
3001 1986 076 26000 14.9 33.5 0.96 2.3 -99
3001 1986 077 25300 15.1 33.1 1.1 2.3 -99
3001 1986 078 27000 16.1 34.3 1.2 2.3 -99
3001 1986 079 27100 16.5 37.0 0.89 2.3 -99
3001 1986 080 25300 19.1 36.0 0.79 2.3 -99
3001 1986 081 25000 18.1 35.1 1.03 2.3 -99
3001 1986 082 24600 17.4 33.2 0.96 2.3 -99
3001 1986 083 26200 15.9 34.3 0.95 2.3 -99
3001 1986 084 27900 16.1 34.2 0.84 2.3 -99
3001 1986 085 27200 14.8 35.4 0.87 2.3 -99
3001 1986 086 26500 17.1 36.5 1.1 2.3 -99
3001 1986 087 25200 18.9 37.1 1.01 2.3 -99
3001 1986 088 27400 18.0 38.3 0.8 2.3 -99
3001 1986 089 26200 17.5 36.4 0.76 2.3 -99
3001 1986 090 28200 17.3 35.8 0.86 2.3 -99
3001 1986 091 26900 17.1 37.2 0.82 2.3 -99
3001 1986 092 24000 19.7 38.3 0.88 2.3 -99
3001 1986 093 21900 20.5 39.0 0.9 2.3 -99
3001 1986 094 20100 22.3 37.4 1.2 2.3 -99
3001 1986 095 26400 24.4 37.7 1.32 2.3 -99
3001 1986 096 26500 21.0 38.2 1.22 2.3 -99
3001 1986 097 27200 20.1 38.3 0.94 2.3 -99
3001 1986 098 26000 18.8 38.0 1.04 2.3 -99
3001 1986 099 26400 18.6 36.8 0.97 2.3 -99
3001 1986 100 25600 18.6 35.7 0.98 2.3 -99
3001 1986 101 26500 18.3 37.2 1.15 2.3 -99
3001 1986 102 27000 20.5 38.8 1.13 2.3 -99
3001 1986 103 26100 20.3 38.0 1.05 2.3 -99
3001 1986 104 24300 19.3 37.9 1.3 2.3 -99
3001 1986 105 25200 22.1 39.2 1.41 2.3 -99
3001 1986 106 25700 23.3 42.5 1.39 2.3 -99
3001 1986 107 24500 25.6 41.9 1.47 2.3 -99
3001 1986 108 25000 22.6 38.8 1.32 2.3 -99
3001 1986 109 24700 23.1 37.8 1.15 2.3 -99
3001 1986 110 26700 23.3 40.0 0.95 2.3 -99
3001 1986 111 23200 22.6 40.3 1.15 2.3 -99
3001 1986 112 26300 23.4 39.1 1.1 2.3 -99
3001 1986 113 25200 21.9 38.9 1.24 2.3 -99
3001 1986 114 27300 20.6 40.1 0.94 2.3 -99
3001 1986 115 27600 22.3 40.4 0.82 2.3 -99
3001 1986 116 28100 20.8 40.7 0.87 2.3 -99
3001 1986 117 26800 21.9 40.3 0.92 2.3 -99
3001 1986 118 21300 20.9 39.3 1.08 2.3 -99
3001 1986 119 18400 22.7 39.9 1.16 2.3 -99
3001 1986 120 26000 25.2 39.2 1.38 2.3 -99
3001 1986 121 26300 23.4 39.4 1.57 2.3 -99
3001 1986 122 26800 20.5 36.9 1.62 2.3 -99
3001 1986 123 27200 21.9 38.4 1.31 2.3 -99
3001 1986 124 27400 22.0 38.8 1.19 2.3 -99
3001 1986 125 25700 21.9 39.9 1.13 2.3 -99
3001 1986 126 24400 22.4 40.5 1.27 2.3 -99
3001 1986 127 27000 23.5 39.5 1.45 2.3 -99
3001 1986 128 27000 23.3 39.7 1.48 2.3 -99
3001 1986 129 28000 23.6 40.9 1.21 2.3 -99
3001 1986 130 27900 24.2 40.9 1.18 2.3 -99
3001 1986 131 28000 22.6 39.6 1.2 2.3 -99
3001 1986 132 27800 21.1 38.9 1.35 2.3 -99
3001 1986 133 25700 21.2 39.3 1.57 2.3 -99
3001 1986 134 18000 23.9 41.4 1.4 2.3 -99
3001 1986 135 16300 25.8 41.1 1.31 2.3 -99
3001 1986 136 11100 25.7 41.0 1.29 2.3 -99
3001 1986 137 24300 24.0 41.5 1.5 2.3 -99
3001 1986 138 28300 25.8 42.7 1.54 2.3 -99
3001 1986 139 28600 28.0 43.3 1.33 2.3 -99
3001 1986 140 27100 22.9 40.7 1.81 2.3 -99
3001 1986 141 27100 22.2 39.3 2.03 2.3 -99
3001 1986 142 27000 20.2 37.7 2.03 2.3 -99
3001 1986 143 26700 20.5 38.8 1.95 2.3 -99
3001 1986 144 25500 21.9 40.6 1.96 2.3 -99
3001 1986 145 27400 23.2 39.2 2.3 2.3 -99
3001 1986 146 27400 20.7 36.5 2.38 2.3 -99
3001 1986 147 25900 19.9 37.8 2.24 2.3 -99
3001 1986 148 27500 22.2 38.4 2.28 2.3 -99
3001 1986 149 27600 22.9 37.8 2.49 2.3 -99
3001 1986 150 27300 23.0 41.0 2.17 2.3 -99
3001 1986 151 27800 24.7 38.2 1.26 2.3 -99
3001 1986 152 28100 20.5 37.4 1.38 2.3 -99
3001 1986 153 27500 21.6 38.9 1.31 2.3 -99
3001 1986 154 27900 23.4 39.5 1.33 2.3 -99
3001 1986 155 27800 23.4 40.9 1.13 2.3 -99
3001 1986 156 27500 22.9 39.3 1.16 2.3 -99
3001 1986 157 28700 22.7 39.1 1.21 2.3 -99
3001 1986 158 27800 21.2 39.0 1.35 2.3 -99
3001 1986 159 26600 21.8 40.0 1.39 2.3 -99
3001 1986 160 25500 22.2 41.4 1.4 2.3 -99
3001 1986 161 27800 22.8 41.6 1.28 2.3 -99
3001 1986 162 28400 25.1 41.3 1.08 2.3 -99
3001 1986 163 27500 22.6 40.3 1.1 2.3 -99
3001 1986 164 25600 23.4 39.6 1.28 2.3 -99
3001 1986 165 26400 22.8 39.5 1.61 2.3 -99
3001 1986 166 25300 22.0 41.4 1.77 2.3 -99
3001 1986 167 25600 21.1 39.1 2.15 2.3 -99
3001 1986 168 26200 22.4 41.4 1.89 2.3 -99
3001 1986 169 28900 24.9 43.3 1.31 2.3 -99
3001 1986 170 28100 23.8 39.5 1.18 2.3 -99
3001 1986 171 28500 22.2 38.2 1.39 2.3 -99
3001 1986 172 26500 22.0 39.3 1.58 2.3 -99
3001 1986 173 26700 23.5 41.4 1.23 2.3 -99
3001 1986 174 27100 23.8 41.5 0.96 2.3 -99
3001 1986 175 27500 22.8 41.0 1.07 2.3 -99
3001 1986 176 27200 24.2 41.8 1.24 2.3 -99
3001 1986 177 27900 25.4 42.1 1.24 2.3 -99
3001 1986 178 27900 26.1 41.8 1.46 2.3 -99
3001 1986 179 24100 24.6 37.5 2.66 2.3 -99
3001 1986 180 27800 21.8 39.5 2.23 2.3 -99
3001 1986 181 26300 22.0 37.1 2.62 2.3 -99
3001 1986 182 23100 22.6 35.1 3.04 2.3 -99
3001 1986 183 26700 23.0 36.1 2.7 2.3 -99
3001 1986 184 28800 20.9 37.2 1.62 2.3 -99
3001 1986 185 28100 23.0 40.3 1.52 2.3 -99
3001 1986 186 27900 23.9 40.1 1.99 2.3 -99
3001 1986 187 27000 23.4 35.7 2.78 2.3 -99
3001 1986 188 28000 23.1 35.6 2.68 2.3 -99
3001 1986 189 26200 19.9 35.5 2.23 2.3 -99
3001 1986 190 26500 22.6 37.0 2.44 2.3 -99
3001 1986 191 24800 23.4 37.2 2.55 2.3 -99
3001 1986 192 26600 19.9 35.2 2.46 2.3 -99
3001 1986 193 26400 20.3 35.1 2.4 2.3 -99
3001 1986 194 25000 19.7 35.0 2.58 2.3 -99
3001 1986 195 28000 22.4 35.6 2.66 2.3 -99
3001 1986 196 27800 22.2 34.4 2.66 2.3 -99
3001 1986 197 27800 21.5 38.0 2.17 2.3 -99
3001 1986 198 23500 24.9 42.5 1.6 2.3 -99
3001 1986 199 28100 24.7 41.4 1.48 2.3 -99
3001 1986 200 23800 21.9 36.9 2.37 2.3 -99
3001 1986 201 23900 20.3 34.4 2.7 2.3 -99
3001 1986 202 26700 21.9 36.1 2.62 2.3 -99
3001 1986 203 27000 21.0 35.8 2.47 2.3 -99
3001 1986 204 25100 21.6 37.6 2.38 2.3 -99
3001 1986 205 23800 22.2 36.6 2.46 2.3 -99
3001 1986 206 22500 23.1 36.9 2.51 2.3 -99
3001 1986 207 22800 25.4 37.7 2.46 2.3 -99
3001 1986 208 24600 23.3 37.1 2.57 2.3 -99
3001 1986 209 27100 21.3 38.3 2.2 2.3 -99
3001 1986 210 21800 22.5 40.7 1.62 2.3 -99
3001 1986 211 20400 23.3 34.0 2.81 2.3 -99
3001 1986 212 25500 22.7 34.6 2.7 2.3 -99
3001 1986 213 15000 24.3 37.4 2.58 2.3 -99
3001 1986 214 25500 23.5 38.8 2.43 2.3 -99
3001 1986 215 21200 22.6 30.4 3.43 2.3 -99
3001 1986 216 26000 20.5 30.4 3.61 2.3 -99
3001 1986 217 14800 21.0 30.3 3.39 2.3 -99
3001 1986 218 23500 20.5 37.0 2.75 2.3 -99
3001 1986 219 26200 22.5 33.9 3.21 2.3 -99
3001 1986 220 21700 20.3 32.1 3.29 2.3 -99
3001 1986 221 24000 21.4 35.8 2.97 2.3 -99
3001 1986 222 27600 23.7 39.7 2.26 2.3 -99
3001 1986 223 26400 26.6 41.8 1.66 2.3 -99
3001 1986 224 28700 24.6 40.4 1.64 2.3 -99
3001 1986 225 26700 23.7 38.7 2.16 2.3 -99
3001 1986 226 27200 24.2 37.7 2.47 2.3 -99
3001 1986 227 27700 24.0 38.8 2.2 2.3 -99
3001 1986 228 27100 23.9 39.7 2.09 2.3 -99
3001 1986 229 26500 24.4 35.8 2.9 2.3 -99
3001 1986 230 20300 23.0 34.0 3.35 2.3 -99
3001 1986 231 27000 22.6 35.4 2.99 2.3 -99
3001 1986 232 17700 24.5 36.6 2.83 2.3 -99
3001 1986 233 26800 25.2 38.0 2.8 2.3 -99
3001 1986 234 22100 23.7 34.1 3.43 2.3 -99
3001 1986 235 17100 20.7 32.6 3.61 2.3 -99
3001 1986 236 26400 21.2 34.7 3.39 2.3 -99
3001 1986 237 22100 21.6 35.1 3.15 2.3 -99
3001 1986 238 18800 22.2 35.2 2.86 2.3 -99
3001 1986 239 25600 24.0 36.0 2.9 2.3 -99
3001 1986 240 26700 24.4 35.5 3.01 2.3 -99
3001 1986 241 26000 23.4 37.7 2.37 2.3 -99
3001 1986 242 21100 23.0 34.7 3.15 2.3 -99
3001 1986 243 26100 21.9 34.4 3.27 2.3 -99
3001 1986 244 21500 21.5 40.2 2.46 2.3 -99
3001 1986 245 25200 23.3 36.9 2.97 2.3 -99
3001 1986 246 21500 21.3 36.1 2.97 2.3 -99
3001 1986 247 15700 24.9 38.1 2.37 2.3 -99
3001 1986 248 18400 24.6 35.4 2.97 2.3 -99
3001 1986 249 21700 21.9 36.7 2.75 2.3 -99
3001 1986 250 20100 22.1 35.8 2.81 2.3 -99
3001 1986 251 20600 23.3 34.7 3.08 2.3 -99
3001 1986 252 21700 21.9 30.5 3.66 2.3 -99
3001 1986 253 22200 21.0 30.9 3.66 2.3 -99
3001 1986 254 18000 21.4 31.0 3.64 2.3 -99
3001 1986 255 24000 20.6 30.6 3.66 2.3 -99
3001 1986 256 20100 18.7 30.8 3.57 2.3 -99
3001 1986 257 22600 20.6 31.4 3.59 2.3 -99
3001 1986 258 21500 19.8 31.1 3.49 2.3 -99
3001 1986 259 22500 20.7 33.2 3.14 2.3 -99
3001 1986 260 23300 21.3 36.1 2.9 2.3 -99
3001 1986 261 19000 23.1 36.8 2.73 2.3 -99
3001 1986 262 24100 23.8 37.3 2.46 2.3 -99
3001 1986 263 24500 24.2 36.7 2.66 2.3 -99
3001 1986 264 21900 23.2 36.9 2.8 2.3 -99
3001 1986 265 24100 23.4 39.1 2.65 2.3 -99
3001 1986 266 24200 23.0 38.3 2.6 2.3 -99
3001 1986 267 15700 23.4 37.2 2.78 2.3 -99
3001 1986 268 19200 23.4 31.4 3.45 2.3 -99
3001 1986 269 13600 21.4 31.1 3.59 2.3 -99
3001 1986 270 19000 21.2 31.9 3.35 2.3 -99
3001 1986 271 7700 22.2 34.0 3.02 2.3 -99
3001 1986 272 16700 22.7 36.4 2.6 2.3 -99
3001 1986 273 21100 23.7 36.9 2.4 2.3 -99
3001 1986 274 23200 23.0 37.2 2.11 2.3 -99
3001 1986 275 23700 23.4 38.0 1.99 2.3 -99
3001 1986 276 23700 23.4 39.7 1.74 2.3 -99
3001 1986 277 23500 24.5 39.9 1.84 2.3 -99
3001 1986 278 23900 24.8 39.6 1.73 2.3 -99
3001 1986 279 23100 24.6 39.9 1.89 2.3 -99
3001 1986 280 21600 24.9 40.4 1.88 2.3 -99
3001 1986 281 21600 24.6 38.3 2.13 2.3 -99
3001 1986 282 18000 24.9 38.5 1.66 2.3 -99
3001 1986 283 21100 22.9 37.7 1.88 2.3 -99
3001 1986 284 21000 23.4 37.8 1.81 2.3 -99
3001 1986 285 22300 24.0 38.0 1.84 2.3 -99
3001 1986 286 23400 25.0 38.7 1.76 2.3 -99
3001 1986 287 22200 25.6 39.2 1.81 2.3 -99
3001 1986 288 21300 27.0 40.1 1.66 2.3 -99
3001 1986 289 18900 25.1 39.5 1.63 2.3 -99
3001 1986 290 21400 23.8 38.4 1.68 2.3 -99
3001 1986 291 22000 24.4 38.8 1.71 2.3 -99
3001 1986 292 21300 24.0 36.1 1.57 2.3 -99
3001 1986 293 21900 21.0 34.7 1.57 2.3 -99
3001 1986 294 18300 20.8 36.9 1.63 2.3 -99
3001 1986 295 13100 22.6 37.8 1.58 2.3 -99
3001 1986 296 21500 24.5 36.9 1.65 2.3 -99
3001 1986 297 21600 23.6 36.8 1.57 2.3 -99
3001 1986 298 21600 22.0 36.8 1.48 2.3 -99
3001 1986 299 20400 21.7 36.5 1.63 2.3 -99
3001 1986 300 20500 22.9 38.8 1.57 2.3 -99
3001 1986 301 21200 23.1 38.7 1.61 2.3 -99
3001 1986 302 21200 23.2 37.3 1.47 2.3 -99
3001 1986 303 21200 21.4 36.7 1.38 2.3 -99
3001 1986 304 21100 21.3 36.3 1.38 2.3 -99
3001 1986 305 21300 20.6 34.9 1.17 2.3 -99
3001 1986 306 21400 18.9 34.4 1.06 2.3 -99
3001 1986 307 20100 18.6 35.3 1.05 2.3 -99
3001 1986 308 21300 19.7 36.8 1.02 2.3 -99
3001 1986 309 15100 20.8 37.2 1.33 2.3 -99
3001 1986 310 13400 22.2 36.5 1.61 2.3 -99
3001 1986 311 5700 23.6 35.9 1.52 2.3 -99
3001 1986 312 11300 24.7 35.2 1.37 2.3 -99
3001 1986 313 16200 23.5 34.9 1.32 2.3 -99
3001 1986 314 19100 20.9 35.3 1.17 2.3 -99
3001 1986 315 19500 20.8 35.8 1.16 2.3 -99
3001 1986 316 17800 21.5 36.9 1.03 2.3 -99
3001 1986 317 18600 22.0 37.0 1.17 2.3 -99
3001 1986 318 16200 21.4 37.6 1.24 2.3 -99
3001 1986 319 18400 22.5 37.7 1.35 2.3 -99
3001 1986 320 16900 23.3 36.6 1.39 2.3 -99
3001 1986 321 19300 21.1 34.5 1.24 2.3 -99
3001 1986 322 17100 19.8 34.2 1.07 2.3 -99
3001 1986 323 19700 19.4 35.1 1.13 2.3 -99
3001 1986 324 18700 20.4 33.5 1.16 2.3 -99
3001 1986 325 14000 17.7 29.9 1.13 2.3 -99
3001 1986 326 16200 15.6 29.9 1.27 2.3 -99
3001 1986 327 17100 15.8 30.3 1.22 2.3 -99
3001 1986 328 18100 15.0 30.9 1.21 2.3 -99
3001 1986 329 18900 15.5 32.2 1.1 2.3 -99
3001 1986 330 18000 17.0 32.9 1.02 2.3 -99
3001 1986 331 12700 17.0 32.1 1.01 2.3 -99
3001 1986 332 11100 16.5 32.2 1.04 2.3 -99
3001 1986 333 17800 19.0 33.2 1.09 2.3 -99
3001 1986 334 6200 21.2 32.8 1.1 2.3 -99
3001 1986 335 7300 21.4 34.7 1.35 2.3 -99
3001 1986 336 15100 21.1 35.2 1.41 2.3 -99
3001 1986 337 17600 21.0 35.3 1.53 2.3 -99
3001 1986 338 16500 20.6 36.7 1.33 2.3 -99
3001 1986 339 16500 21.7 36.4 1.16 2.3 -99
3001 1986 340 15300 19.2 35.0 0.97 2.3 -99
3001 1986 341 16300 18.0 34.4 1.09 2.3 -99
3001 1986 342 13800 18.2 35.1 0.97 2.3 -99
3001 1986 343 16800 19.2 33.6 1.04 2.3 -99
3001 1986 344 17400 17.2 33.7 0.97 2.3 -99
3001 1986 345 16900 17.3 33.2 0.94 2.3 -99
3001 1986 346 16300 16.3 31.6 1.01 2.3 -99
3001 1986 347 8500 17.4 30.4 0.86 2.3 -99
3001 1986 348 14500 15.6 29.7 0.87 2.3 -99
3001 1986 349 16700 15.7 31.5 0.88 2.3 -99
3001 1986 350 15900 15.1 32.2 0.95 2.3 -99
3001 1986 351 15100 15.0 32.5 0.92 2.3 -99
3001 1986 352 16400 15.7 30.7 0.89 2.3 -99
3001 1986 353 15900 15.1 32.0 0.87 2.3 -99
3001 1986 354 16000 17.1 31.8 0.74 2.3 -99
3001 1986 355 15700 13.9 30.8 0.65 2.3 -99
3001 1986 356 13300 12.9 31.0 0.72 2.3 -99
3001 1986 357 15400 13.5 30.6 0.81 2.3 -99
3001 1986 358 15900 14.0 30.7 0.88 2.3 -99
3001 1986 359 16200 13.7 30.7 1.1 2.3 -99
3001 1986 360 14300 13.7 26.7 0.72 2.3 -99
3001 1986 361 15900 11.0 26.2 0.56 2.3 -99
3001 1986 362 15500 10.8 27.3 0.69 2.3 -99
3001 1986 363 12500 13.7 29.7 0.74 2.3 -99
3001 1986 364 15900 15.6 31.8 0.68 2.3 -99
3001 1986 365 15600 13.9 31.2 0.67 2.3 -99
