*---------------------------------------------------------*
*   Country: Senegal
*   Station: SEN_HUB_fanaye
*   Station #: 3001
*   Year: 2004
*   Source: AfricaRice; historical observed data (1991-1999,2006-2011, 2013,2014)
*   Author: Pepijn van Oort (AfricaRice). Original Script by Justin van Wart (University Nebraska)
*   Longitude: -14.80 (decimal degrees East)
*   Latitude: 16.53 (decimal degrees North)
*   Elevation: 11 m.
*
*  Columns:
*  ========
*  1 station number
*  2 year
*  3 day
*  4 irradiation (kJ m-2 d-1)
*  5 minimum temperature (degrees Celsius)
*  6 maximum temperature (degrees Celsius)
*  7 actual vapour pressure (kPa)   
*  8 mean wind speed (m s-1)
*  9 precipitation (mm d-1)
*
** WCCDESCRIPTION=Senegal, SEN_HUB_fanaye
** WCCFORMAT=2
** WCCYEARNR= 2004
*
* COMMENT - START
*   Filename: SEN3001.004
*   Source file: SEN_HUBHIST_Fanaye.xlsx; sheet: GYGAReady_public_propagation
*   Source file contains station data (black) and propagated data (red).
*   When station data are available these are filled in in the current file.
*   When station data are not available the method uses NASA data from the POWER database.
*   Tmin, Tmax and Tdew from the POWER database are corrected for bias based on empirical regression between POWER data and available station data.
* COMMENT - END
*---------------------------------------------------------*
-14.80  16.53  11  0  0
3001 2004 001 23700 15.6 33.0 0.8 2.3 0
3001 2004 002 22500 15.1 32.3 0.87 2.3 0
3001 2004 003 22000 15.0 32.5 0.87 2.3 0
3001 2004 004 20500 17.6 33.0 0.87 2.3 0
3001 2004 005 10100 16.7 34.3 1.14 2.3 0
3001 2004 006 16400 14.7 35.4 1.07 2.3 0
3001 2004 007 10000 21.0 32.4 1.23 2.3 0
3001 2004 008 12400 21.4 33.2 1.02 2.3 0
3001 2004 009 10900 21.2 32.6 1.26 2.3 0
3001 2004 010 17000 19.8 33.2 1.01 2.3 0
3001 2004 011 19800 17.4 32.1 0.82 2.3 0
3001 2004 012 21400 17.7 33.7 0.8 2.3 0
3001 2004 013 16400 21.0 34.8 1.02 2.3 0
3001 2004 014 16600 21.1 33.5 1.34 2.3 0
3001 2004 015 14200 21.6 32.6 1.64 2.3 0
3001 2004 016 21600 17.3 31.7 1.45 2.3 0
3001 2004 017 22200 15.7 31.2 1.27 2.3 0
3001 2004 018 23100 14.3 31.8 1.12 2.3 0
3001 2004 019 24000 13.5 31.3 1.07 2.3 0
3001 2004 020 23800 13.2 29.7 0.89 2.3 0
3001 2004 021 24000 13.7 31.0 0.79 2.3 0
3001 2004 022 23500 13.1 30.3 0.61 2.3 0
3001 2004 023 23700 12.4 30.8 0.56 2.3 0
3001 2004 024 24600 11.9 31.5 0.6 2.3 0
3001 2004 025 23300 12.0 30.7 0.55 2.3 0
3001 2004 026 25800 10.9 30.6 0.66 2.3 0
3001 2004 027 25700 11.8 31.8 0.58 2.3 0
3001 2004 028 26000 12.3 32.0 0.49 2.3 0
3001 2004 029 25700 12.7 32.3 0.4 2.3 0
3001 2004 030 24900 12.7 31.8 0.62 2.3 0
3001 2004 031 25600 12.7 31.4 1.11 2.3 0
3001 2004 032 27300 13.9 32.7 1.09 2.3 0
3001 2004 033 26900 13.6 33.5 0.81 2.3 0
3001 2004 034 27300 13.3 35.0 0.79 2.3 0
3001 2004 035 27200 16.1 35.7 0.64 2.3 0
3001 2004 036 23300 17.4 32.9 0.53 2.3 0
3001 2004 037 24900 14.6 31.0 0.44 2.3 0
3001 2004 038 25300 13.4 32.1 0.63 2.3 0
3001 2004 039 24800 13.9 31.9 0.75 2.3 0
3001 2004 040 25600 13.1 33.3 0.76 2.3 0
3001 2004 041 20100 13.6 33.9 0.79 2.3 0
3001 2004 042 15400 14.3 33.5 0.92 2.3 0
3001 2004 043 22200 18.4 36.2 0.92 2.3 0
3001 2004 044 19200 17.7 36.9 1.16 2.3 0
3001 2004 045 19400 21.5 36.4 1.31 2.3 0
3001 2004 046 22800 21.0 36.9 1.17 2.3 0
3001 2004 047 25100 18.2 37.6 1.02 2.3 0
3001 2004 048 26400 18.3 38.3 0.88 2.3 0
3001 2004 049 26200 17.3 38.7 0.84 2.3 0
3001 2004 050 25700 15.2 39.6 1.75 2.3 0
3001 2004 051 24600 16.1 30.7 2.03 2.3 0
3001 2004 052 25100 17.1 30.5 1.81 2.3 0
3001 2004 053 27100 16.4 32.3 1.43 2.3 0
3001 2004 054 26900 15.4 34.2 1.45 2.3 0
3001 2004 055 23900 17.1 36.7 1.38 2.3 0
3001 2004 056 24700 18.3 35.0 1.31 2.3 0
3001 2004 057 23200 20.0 35.6 1.4 2.3 0
3001 2004 058 25700 19.8 36.7 1.53 2.3 0
3001 2004 059 25800 18.2 38.6 1.3 2.3 0
3001 2004 060 21500 17.7 33.3 1.07 2.3 0
3001 2004 061 22600 18.4 35.3 0.9 2.3 0
3001 2004 062 28900 17.1 32.9 0.69 2.3 0
3001 2004 063 30800 15.6 32.8 0.74 2.3 0
3001 2004 064 31400 9.6 35.2 0.62 2.3 0
3001 2004 065 31500 10.7 37.1 0.56 2.3 0
3001 2004 066 21800 14.6 32.2 0.59 2.3 0
3001 2004 067 27000 14.9 30.3 0.57 2.3 0
3001 2004 068 29900 14.9 33.9 0.66 2.3 0
3001 2004 069 28500 12.9 36.3 0.67 2.3 0
3001 2004 070 27600 16.3 39.0 0.76 2.3 0
3001 2004 071 28900 14.3 40.3 0.81 2.3 0
3001 2004 072 29900 13.5 39.9 0.57 2.3 0
3001 2004 073 29600 14.8 41.9 0.68 2.3 0
3001 2004 074 28300 18.5 39.8 1.01 2.3 0
3001 2004 075 28400 17.8 39.5 0.79 2.3 0
3001 2004 076 27600 18.8 36.6 0.68 2.3 0
3001 2004 077 28500 18.7 35.9 0.8 2.3 0
3001 2004 078 27900 16.4 39.7 0.83 2.3 0
3001 2004 079 27200 17.7 40.6 0.67 2.3 0
3001 2004 080 26900 21.9 40.9 0.73 2.3 0
3001 2004 081 30000 17.4 38.6 0.66 2.3 0
3001 2004 082 25300 19.7 38.3 0.77 2.3 0
3001 2004 083 28000 18.2 39.9 1.2 2.3 0
3001 2004 084 28500 18.1 37.8 1.47 2.3 0
3001 2004 085 24100 17.3 34.3 1.68 2.3 0
3001 2004 086 28200 17.5 35.1 1.88 2.3 0
3001 2004 087 24400 19.0 35.2 1.83 2.3 0
3001 2004 088 23800 21.4 34.8 1.78 2.3 0
3001 2004 089 28200 19.1 34.4 1.57 2.3 0
3001 2004 090 29300 18.4 32.0 1.28 2.3 0
3001 2004 091 29000 18.3 32.2 1.39 2.3 0
3001 2004 092 30300 17.6 33.5 1.28 2.3 0
3001 2004 093 30400 17.6 37.1 1.43 2.3 0
3001 2004 094 31400 17.7 37.2 1.4 2.3 0
3001 2004 095 30100 19.0 39.1 1.38 2.3 0
3001 2004 096 31100 20.8 41.0 1.01 2.3 0
3001 2004 097 30400 22.2 41.9 0.82 2.3 0
3001 2004 098 31700 21.7 42.0 1 2.3 0
3001 2004 099 31400 20.6 41.2 1.47 2.3 0
3001 2004 100 30300 20.8 43.1 1.38 2.3 0
3001 2004 101 31300 20.9 41.3 1.27 2.3 0
3001 2004 102 31400 19.6 37.8 1.24 2.3 0
3001 2004 103 32700 18.9 35.9 1.38 2.3 0
3001 2004 104 32400 17.6 36.7 1.39 2.3 0
3001 2004 105 21100 20.9 37.0 1.3 2.3 0
3001 2004 106 29000 21.7 37.2 0.97 2.3 0
3001 2004 107 25200 19.4 32.6 1.04 2.3 0
3001 2004 108 32200 17.1 31.6 1.14 2.3 0
3001 2004 109 31800 16.3 36.3 1.33 2.3 0
3001 2004 110 30200 20.2 35.7 1.1 2.3 0
3001 2004 111 30500 18.8 35.9 1.01 2.3 0
3001 2004 112 31200 18.8 37.8 1.19 2.3 0
3001 2004 113 28100 19.4 38.8 1.11 2.3 0
3001 2004 114 35200 17.1 40.5 1.07 2.3 0
3001 2004 115 33500 19.1 42.0 1.07 2.3 0
3001 2004 116 32100 19.7 42.9 1.04 2.3 0
3001 2004 117 32500 20.4 42.7 1.21 2.3 0
3001 2004 118 32300 21.1 43.2 1.39 2.3 0
3001 2004 119 32000 20.2 39.4 1.58 2.3 0
3001 2004 120 15600 19.4 32.6 1.23 2.3 0
3001 2004 121 26900 20.5 33.6 1.2 2.3 0
3001 2004 122 29000 19.4 35.4 1.38 2.3 0
3001 2004 123 31100 18.8 38.7 1.55 2.3 0
3001 2004 124 32200 19.6 39.9 1.58 2.3 0
3001 2004 125 31300 20.2 39.3 1.36 2.3 0
3001 2004 126 31500 22.2 38.7 1.24 2.3 0
3001 2004 127 32000 20.0 38.6 1.04 2.3 0
3001 2004 128 32200 19.7 39.9 1.01 2.3 0
3001 2004 129 33500 19.4 40.4 1.28 2.3 0
3001 2004 130 33300 18.6 41.1 1.28 2.3 0
3001 2004 131 31400 21.2 41.6 1.26 2.3 0
3001 2004 132 29200 22.4 41.6 1.36 2.3 0
3001 2004 133 30000 24.0 40.6 1.31 2.3 0
3001 2004 134 31900 20.8 40.2 1.13 2.3 0
3001 2004 135 31900 21.0 40.3 1.12 2.3 0
3001 2004 136 32500 20.0 40.2 1.04 2.3 0
3001 2004 137 32100 20.6 39.6 1.03 2.3 0
3001 2004 138 30000 21.4 37.7 1.31 2.3 0
3001 2004 139 31500 20.6 38.4 1.4 2.3 0
3001 2004 140 30200 21.2 39.7 1.34 2.3 0
3001 2004 141 29200 20.9 41.1 1.36 2.3 0
3001 2004 142 31300 23.7 43.5 1.55 2.3 0
3001 2004 143 30200 26.9 43.3 1.64 2.3 0
3001 2004 144 31100 24.1 42.5 1.61 2.3 0
3001 2004 145 31500 23.7 42.7 1.61 2.3 0
3001 2004 146 31000 24.3 41.9 1.52 2.3 0
3001 2004 147 29000 27.5 42.3 1.7 2.3 0
3001 2004 148 30100 22.5 42.3 1.29 2.3 0
3001 2004 149 31100 23.3 41.0 1.3 2.3 0
3001 2004 150 31200 21.8 39.8 1.44 2.3 0
3001 2004 151 30400 20.5 37.5 1.45 2.3 0
3001 2004 152 20100 22.4 34.8 1.28 2.3 0
3001 2004 153 27100 23.1 39.6 0.95 2.3 0
3001 2004 154 26100 22.3 41.8 1.33 2.3 0
3001 2004 155 28600 23.3 43.0 2.81 2.3 0
3001 2004 156 25500 24.8 36.4 2.97 2.3 0
3001 2004 157 27400 24.9 42.4 1.85 2.3 0
3001 2004 158 27500 23.9 42.9 1.56 2.3 0
3001 2004 159 26800 23.6 39.2 1.89 2.3 0
3001 2004 160 27800 23.1 39.8 1.68 2.3 0
3001 2004 161 27100 22.8 39.5 1.94 2.3 0
3001 2004 162 22100 27.5 41.0 1.48 2.3 0
3001 2004 163 26500 26.5 41.9 1.54 2.3 0
3001 2004 164 26100 25.8 41.9 1.44 2.3 0
3001 2004 165 27300 22.9 37.9 1.96 2.3 0
3001 2004 166 24600 22.2 39.2 2 2.3 0
3001 2004 167 27100 20.7 38.4 1.66 2.3 0
3001 2004 168 27500 22.3 40.7 1.8 2.3 0
3001 2004 169 25700 24.6 40.7 1.58 2.3 0
3001 2004 170 25800 25.4 41.8 1.45 2.3 0
3001 2004 171 26800 25.6 42.9 1.02 2.3 0
3001 2004 172 26100 22.1 39.8 1.32 2.3 0
3001 2004 173 25800 21.8 37.8 1.39 2.3 0
3001 2004 174 25200 20.8 36.9 2 2.3 0
3001 2004 175 25800 24.0 40.4 1.74 2.3 0
3001 2004 176 26900 23.4 41.9 1.33 2.3 0
3001 2004 177 27100 23.4 39.9 1.3 2.3 0
3001 2004 178 23900 24.8 37.3 2.38 2.3 0
3001 2004 179 26100 22.2 36.3 2.26 2.3 0
3001 2004 180 24900 21.6 37.7 2.12 2.3 0
3001 2004 181 22400 24.4 38.8 2.13 2.3 0
3001 2004 182 27300 23.4 40.0 2.12 2.3 0
3001 2004 183 24900 22.9 37.9 2.54 2.3 0
3001 2004 184 16200 24.1 38.1 2.52 2.3 0
3001 2004 185 24800 25.2 38.6 2.54 2.3 0
3001 2004 186 24400 23.3 37.2 2.52 2.3 0
3001 2004 187 22800 23.7 36.9 2.68 2.3 0
3001 2004 188 11100 25.8 36.2 2.83 2.3 5
3001 2004 189 24600 24.3 39.9 2.09 2.3 0
3001 2004 190 23800 24.2 41.6 1.6 2.3 0
3001 2004 191 24000 25.4 38.7 2.41 2.3 0
3001 2004 192 25200 26.3 38.8 2.44 2.3 0
3001 2004 193 25000 24.9 37.6 2.4 2.3 0
3001 2004 194 21700 24.2 37.1 2.23 2.3 0
3001 2004 195 21500 24.3 35.5 2.9 2.3 0
3001 2004 196 23600 23.0 31.5 3.66 2.3 0
3001 2004 197 26300 21.7 38.8 2.38 2.3 0
3001 2004 198 25100 22.2 38.8 1.96 2.3 0
3001 2004 199 24800 24.6 38.4 2.33 2.3 0
3001 2004 200 24700 24.4 37.3 2.68 2.3 0
3001 2004 201 25500 26.4 37.2 2.71 2.3 0
3001 2004 202 25600 23.6 36.5 2.55 2.3 0
3001 2004 203 23500 22.4 35.5 2.4 2.3 0
3001 2004 204 21000 23.4 36.6 2.55 2.3 0
3001 2004 205 20400 25.4 35.3 2.71 2.3 0
3001 2004 206 14700 24.8 34.0 2.97 2.3 14
3001 2004 207 25200 23.3 35.3 2.88 2.3 0
3001 2004 208 19100 22.6 35.1 2.9 2.3 0
3001 2004 209 20800 21.8 35.0 2.81 2.3 0
3001 2004 210 22400 25.3 36.5 2.83 2.3 0
3001 2004 211 18000 22.8 37.2 2.83 2.3 19
3001 2004 212 23600 24.1 38.7 2.43 2.3 0
3001 2004 213 21900 23.7 35.5 3.1 2.3 0
3001 2004 214 16400 21.0 32.5 3.29 2.3 19
3001 2004 215 24600 23.3 35.8 2.88 2.3 0
3001 2004 216 14700 22.9 34.2 2.93 2.3 10
3001 2004 217 25200 22.8 39.5 2.37 2.3 0
3001 2004 218 25300 25.2 37.3 2.68 2.3 0
3001 2004 219 24900 23.4 34.3 3.31 2.3 0
3001 2004 220 25300 21.8 33.6 3.12 2.3 3
3001 2004 221 25500 23.0 36.6 2.52 2.3 0
3001 2004 222 23900 25.5 36.9 2.38 2.3 0
3001 2004 223 25700 26.0 39.5 2.31 2.3 0
3001 2004 224 26000 26.8 43.9 1.73 2.3 0
3001 2004 225 23400 25.6 38.2 2.83 2.3 1
3001 2004 226 22800 23.6 35.7 2.92 2.3 13
3001 2004 227 22600 25.1 34.4 2.93 2.3 4
3001 2004 228 23400 23.8 35.6 3.21 2.3 0
3001 2004 229 25800 23.4 38.1 2.88 2.3 0
3001 2004 230 24300 24.4 36.9 2.7 2.3 0
3001 2004 231 18700 24.6 34.1 3.29 2.3 0
3001 2004 232 23500 23.3 30.6 3.76 2.3 0
3001 2004 233 20600 22.5 30.7 3.74 2.3 1
3001 2004 234 19500 22.3 32.8 3.53 2.3 2
3001 2004 235 25100 23.4 37.5 2.76 2.3 0
3001 2004 236 25100 24.2 35.7 3.14 2.3 0
3001 2004 237 23000 23.6 35.4 3.15 2.3 18
3001 2004 238 21700 23.0 36.3 2.81 2.3 0
3001 2004 239 16500 25.4 34.3 3.14 2.3 10
3001 2004 240 11100 21.9 34.6 3.14 2.3 2
3001 2004 241 23400 24.2 35.5 2.97 2.3 0
3001 2004 242 18600 25.2 38.1 2.7 2.3 0
3001 2004 243 23700 24.0 36.3 2.68 2.3 0
3001 2004 244 9300 24.0 35.1 2.81 2.3 4
3001 2004 245 22600 24.2 38.0 2.43 2.3 0
3001 2004 246 23000 24.8 37.7 2.81 2.3 0
3001 2004 247 20400 22.6 35.6 2.99 2.3 0
3001 2004 248 20000 24.7 37.9 2.37 2.3 0
3001 2004 249 22100 24.7 39.0 2.26 2.3 0
3001 2004 250 24400 26.6 41.8 2.05 2.3 0
3001 2004 251 24200 24.1 38.3 2.33 2.3 0
3001 2004 252 10300 25.1 37.0 2.46 2.3 8
3001 2004 253 17500 25.3 37.9 2.6 2.3 0
3001 2004 254 23500 25.6 38.6 2.58 2.3 1
3001 2004 255 24200 25.6 40.7 2.2 2.3 6
3001 2004 256 24000 24.9 41.8 1.78 2.3 0
3001 2004 257 23500 23.5 38.6 2.44 2.3 0
3001 2004 258 22600 26.2 37.9 2.4 2.3 11
3001 2004 259 23200 23.4 35.8 3.08 2.3 0
3001 2004 260 12100 23.9 38.0 2.26 2.3 4
3001 2004 261 20900 25.6 39.0 2.03 2.3 0
3001 2004 262 24100 25.4 41.8 1.56 2.3 0
3001 2004 263 24000 23.7 40.3 1.82 2.3 0
3001 2004 264 22400 24.6 37.7 2.6 2.3 0
3001 2004 265 12800 21.3 36.7 2.71 2.3 6
3001 2004 266 14100 25.2 38.0 1.98 2.3 0
3001 2004 267 22300 25.0 38.0 2.12 2.3 0
3001 2004 268 17600 24.9 38.5 2.46 2.3 24
3001 2004 269 24400 24.5 41.7 1.84 2.3 0
3001 2004 270 23600 23.2 38.8 2.16 2.3 0
3001 2004 271 18100 25.7 38.4 2.33 2.3 20
3001 2004 272 22200 23.9 39.5 1.83 2.3 0
3001 2004 273 24300 22.4 37.9 1.65 2.3 0
3001 2004 274 23700 23.9 38.3 1.73 2.3 0
3001 2004 275 22400 23.1 38.3 1.53 2.3 0
3001 2004 276 18900 23.1 40.3 1.45 2.3 0
3001 2004 277 21200 23.8 40.5 1.35 2.3 0
3001 2004 278 23300 23.4 41.0 1.1 2.3 0
3001 2004 279 23400 21.7 40.0 1.01 2.3 0
3001 2004 280 21400 21.8 38.5 1.54 2.3 0
3001 2004 281 9500 23.3 36.9 2.41 2.3 0
3001 2004 282 13500 23.0 38.9 2.2 2.3 0
3001 2004 283 12800 26.0 39.0 1.74 2.3 0
3001 2004 284 19800 26.3 37.7 1.73 2.3 0
3001 2004 285 20800 25.0 39.2 1.61 2.3 0
3001 2004 286 23200 24.3 40.3 1.55 2.3 0
3001 2004 287 20400 24.3 41.9 1.44 2.3 0
3001 2004 288 21300 22.8 41.1 1.23 2.3 0
3001 2004 289 22100 24.1 41.2 1.44 2.3 0
3001 2004 290 19900 24.5 39.9 1.55 2.3 0
3001 2004 291 21500 22.5 38.1 1.54 2.3 0
3001 2004 292 20600 22.5 37.3 1.41 2.3 0
3001 2004 293 19100 22.8 38.5 1.36 2.3 0
3001 2004 294 23100 23.4 39.7 1.29 2.3 0
3001 2004 295 22400 22.2 40.8 1.01 2.3 0
3001 2004 296 21900 20.3 39.5 1.13 2.3 0
3001 2004 297 21800 21.0 38.8 1.53 2.3 0
3001 2004 298 17400 21.8 37.7 1.68 2.3 0
3001 2004 299 22000 22.0 39.2 1.31 2.3 0
3001 2004 300 21900 21.5 39.9 1.02 2.3 0
3001 2004 301 20200 21.4 38.8 1.04 2.3 0
3001 2004 302 21500 20.5 38.5 1.14 2.3 0
3001 2004 303 21400 19.8 37.4 1.15 2.3 0
3001 2004 304 21300 19.9 37.1 1.24 2.3 0
3001 2004 305 20300 21.4 36.2 1.82 2.3 0
3001 2004 306 20700 21.6 35.3 1.81 2.3 0
3001 2004 307 20900 21.0 35.1 1.3 2.3 0
3001 2004 308 20800 18.8 36.1 1.24 2.3 0
3001 2004 309 20000 19.9 36.7 1.2 2.3 0
3001 2004 310 21400 20.0 35.6 1.26 2.3 0
3001 2004 311 18200 18.8 35.0 1.5 2.3 0
3001 2004 312 11400 21.0 36.1 1.57 2.3 2
3001 2004 313 5800 24.6 36.5 1.46 2.3 0
3001 2004 314 16200 24.0 37.7 1.48 2.3 0
3001 2004 315 15200 23.7 37.6 1.78 2.3 0
3001 2004 316 15100 22.6 37.3 1.78 2.3 0
3001 2004 317 14700 23.9 35.8 2.05 2.3 0
3001 2004 318 16700 22.3 34.7 1.81 2.3 0
3001 2004 319 15500 22.2 34.7 1.64 2.3 0
3001 2004 320 13900 20.9 35.1 1.48 2.3 0
3001 2004 321 17600 21.0 36.9 1.41 2.3 0
3001 2004 322 14400 22.3 36.4 1.37 2.3 0
3001 2004 323 18500 22.2 35.6 1.25 2.3 0
3001 2004 324 14900 20.9 34.2 0.97 2.3 0
3001 2004 325 17300 19.7 35.2 1.04 2.3 0
3001 2004 326 19300 19.0 36.1 1.27 2.3 0
3001 2004 327 19300 20.8 36.7 1.37 2.3 0
3001 2004 328 18800 20.4 37.0 1.17 2.3 0
3001 2004 329 18900 19.1 37.4 1.04 2.3 0
3001 2004 330 18800 19.4 37.1 1.07 2.3 0
3001 2004 331 18800 20.4 35.6 1.2 2.3 0
3001 2004 332 18000 18.8 35.4 1.17 2.3 0
3001 2004 333 17000 18.3 35.5 1.14 2.3 0
3001 2004 334 18700 17.4 34.8 1.1 2.3 0
3001 2004 335 17300 18.0 34.6 1.11 2.3 0
3001 2004 336 17200 18.0 33.3 1.73 2.3 0
3001 2004 337 18000 18.8 34.9 1.55 2.3 0
3001 2004 338 17200 18.9 34.7 1.42 2.3 0
3001 2004 339 15200 20.3 35.2 1.33 2.3 0
3001 2004 340 15600 18.4 35.8 1.39 2.3 0
3001 2004 341 18000 20.3 33.1 1.42 2.3 0
3001 2004 342 15400 19.1 31.8 1.12 2.3 0
3001 2004 343 14300 17.6 30.9 0.92 2.3 0
3001 2004 344 16300 17.1 32.2 0.79 2.3 0
3001 2004 345 16300 16.1 32.1 0.74 2.3 0
3001 2004 346 15600 15.8 32.0 0.72 2.3 0
3001 2004 347 16300 15.8 32.9 0.8 2.3 0
3001 2004 348 14000 17.9 34.4 1.01 2.3 0
3001 2004 349 13100 16.2 32.9 1.6 2.3 0
3001 2004 350 16500 16.5 30.4 2.03 2.3 0
3001 2004 351 9800 16.9 31.7 1.75 2.3 0
3001 2004 352 15100 18.8 32.8 1.7 2.3 0
3001 2004 353 16100 20.3 34.4 1.48 2.3 0
3001 2004 354 14400 20.8 34.3 1.53 2.3 0
3001 2004 355 16900 20.9 34.4 1.53 2.3 0
3001 2004 356 16300 19.8 35.4 1.31 2.3 0
3001 2004 357 16200 21.0 35.3 1.31 2.3 0
3001 2004 358 15800 20.4 34.1 1.57 2.3 0
3001 2004 359 15800 20.0 32.9 1.53 2.3 0
3001 2004 360 16700 19.6 32.5 1.2 2.3 0
3001 2004 361 15900 16.7 31.5 1 2.3 0
3001 2004 362 16200 16.3 30.3 1.13 2.3 0
3001 2004 363 16200 15.7 31.0 1.07 2.3 0
3001 2004 364 16700 17.0 32.9 0.93 2.3 0
3001 2004 365 15900 17.5 32.0 0.76 2.3 0
3001 2004 366 14400 13.5 31.8 0.57 2.3 0
