*---------------------------------------------------------*
*   Country: Senegal
*   Station: SEN_HUB_fanaye
*   Station #: 3001
*   Year: 1988
*   Source: AfricaRice; historical observed data (1991-1999,2006-2011, 2013,2014)
*   Author: Pepijn van Oort (AfricaRice). Original Script by Justin van Wart (University Nebraska)
*   Longitude: -14.80 (decimal degrees East)
*   Latitude: 16.53 (decimal degrees North)
*   Elevation: 11 m.
*
*  Columns:
*  ========
*  1 station number
*  2 year
*  3 day
*  4 irradiation (kJ m-2 d-1)
*  5 minimum temperature (degrees Celsius)
*  6 maximum temperature (degrees Celsius)
*  7 actual vapour pressure (kPa)   
*  8 mean wind speed (m s-1)
*  9 precipitation (mm d-1)
*
** WCCDESCRIPTION=Senegal, SEN_HUB_fanaye
** WCCFORMAT=2
** WCCYEARNR= 1988
*
* COMMENT - START
*   Filename: SEN3001.988
*   Source file: SEN_HUBHIST_Fanaye.xlsx; sheet: GYGAReady_public_propagation
*   Source file contains station data (black) and propagated data (red).
*   When station data are available these are filled in in the current file.
*   When station data are not available the method uses NASA data from the POWER database.
*   Tmin, Tmax and Tdew from the POWER database are corrected for bias based on empirical regression between POWER data and available station data.
* COMMENT - END
*---------------------------------------------------------*
-14.80  16.53  11  0  0
3001 1988 001 16100 11.5 28.3 0.87 2.3 -99
3001 1988 002 14600 12.2 30.0 0.87 2.3 -99
3001 1988 003 14400 15.4 31.1 0.93 2.3 -99
3001 1988 004 17200 15.0 29.9 0.9 2.3 -99
3001 1988 005 18000 13.8 29.6 0.81 2.3 -99
3001 1988 006 15500 14.8 30.9 0.91 2.3 -99
3001 1988 007 16700 17.4 32.6 1.12 2.3 -99
3001 1988 008 5000 19.7 30.4 1.02 2.3 -99
3001 1988 009 6600 19.9 31.3 0.93 2.3 -99
3001 1988 010 18500 16.6 31.3 0.9 2.3 -99
3001 1988 011 19000 15.4 32.0 0.79 2.3 -99
3001 1988 012 14700 15.8 33.1 0.81 2.3 -99
3001 1988 013 16700 15.9 33.7 0.72 2.3 -99
3001 1988 014 19800 14.3 32.7 0.63 2.3 -99
3001 1988 015 19700 14.3 33.5 0.66 2.3 -99
3001 1988 016 17600 16.0 30.8 1.3 2.3 -99
3001 1988 017 16900 15.4 30.1 1 2.3 -99
3001 1988 018 15800 13.1 28.4 1.16 2.3 -99
3001 1988 019 18600 12.7 28.8 1.13 2.3 -99
3001 1988 020 18600 11.3 29.2 1.1 2.3 -99
3001 1988 021 20400 12.5 29.9 1.23 2.3 -99
3001 1988 022 19700 12.8 32.1 1.08 2.3 -99
3001 1988 023 18700 14.0 31.1 0.72 2.3 -99
3001 1988 024 18800 11.8 29.9 0.74 2.3 -99
3001 1988 025 20300 11.1 31.7 0.81 2.3 -99
3001 1988 026 20000 11.9 34.0 0.81 2.3 -99
3001 1988 027 18900 13.8 34.9 0.77 2.3 -99
3001 1988 028 14900 15.1 32.0 1 2.3 -99
3001 1988 029 18000 15.1 30.0 1.16 2.3 -99
3001 1988 030 20000 12.8 30.5 1.23 2.3 -99
3001 1988 031 21000 13.9 33.2 1.1 2.3 -99
3001 1988 032 20800 14.2 33.1 1.13 2.3 -99
3001 1988 033 21000 14.6 32.9 1.1 2.3 -99
3001 1988 034 20400 14.5 33.2 1.13 2.3 -99
3001 1988 035 20500 14.1 32.8 1.16 2.3 -99
3001 1988 036 20700 15.4 34.1 1.01 2.3 -99
3001 1988 037 19800 16.0 34.7 0.95 2.3 -99
3001 1988 038 18900 17.2 33.1 0.79 2.3 -99
3001 1988 039 19700 15.6 32.1 0.84 2.3 -99
3001 1988 040 18900 14.7 30.1 0.64 2.3 -99
3001 1988 041 17600 12.7 30.5 0.62 2.3 -99
3001 1988 042 20500 15.8 31.5 0.82 2.3 -99
3001 1988 043 19200 13.7 33.2 0.86 2.3 -99
3001 1988 044 12100 18.7 34.6 1.19 2.3 -99
3001 1988 045 12000 19.7 34.9 1.37 2.3 -99
3001 1988 046 5200 20.9 34.6 1.46 2.3 -99
3001 1988 047 21300 20.5 35.2 1.36 2.3 -99
3001 1988 048 21000 17.3 36.3 1.25 2.3 -99
3001 1988 049 22100 19.4 39.0 1.15 2.3 -99
3001 1988 050 19700 20.6 38.7 1 2.3 -99
3001 1988 051 12900 22.6 39.2 1.16 2.3 -99
3001 1988 052 11300 22.7 36.6 1.53 2.3 -99
3001 1988 053 11300 23.0 38.0 1.24 2.3 -99
3001 1988 054 16500 24.8 36.9 1.13 2.3 -99
3001 1988 055 19700 21.0 36.3 1.42 2.3 -99
3001 1988 056 12700 22.2 36.1 1.53 2.3 -99
3001 1988 057 2600 20.1 34.3 1.73 2.3 -99
3001 1988 058 7200 19.7 33.9 2.52 2.3 -99
3001 1988 059 20300 20.7 35.2 2.3 2.3 -99
3001 1988 060 21100 17.8 34.4 2.19 2.3 -99
3001 1988 061 22100 18.7 32.8 1.95 2.3 -99
3001 1988 062 22300 17.1 30.2 1.74 2.3 -99
3001 1988 063 23800 15.2 30.2 1.66 2.3 -99
3001 1988 064 21700 14.9 29.7 1.52 2.3 -99
3001 1988 065 22100 14.4 30.7 1.27 2.3 -99
3001 1988 066 24300 15.4 33.7 1.07 2.3 -99
3001 1988 067 22000 18.6 34.9 1.2 2.3 -99
3001 1988 068 21700 18.2 35.8 1.13 2.3 -99
3001 1988 069 22500 17.9 37.0 1.31 2.3 -99
3001 1988 070 23000 19.8 38.4 1.31 2.3 -99
3001 1988 071 24300 21.1 38.8 1.16 2.3 -99
3001 1988 072 25300 20.5 37.3 0.92 2.3 -99
3001 1988 073 22400 19.8 36.5 0.74 2.3 -99
3001 1988 074 25600 17.6 35.9 0.71 2.3 -99
3001 1988 075 24600 17.7 37.6 0.72 2.3 -99
3001 1988 076 19900 18.6 39.6 0.74 2.3 -99
3001 1988 077 17500 19.7 40.3 0.85 2.3 -99
3001 1988 078 20200 17.0 39.5 0.9 2.3 -99
3001 1988 079 25800 21.4 39.2 0.83 2.3 -99
3001 1988 080 25900 19.4 38.4 0.79 2.3 -99
3001 1988 081 26600 18.6 38.4 0.69 2.3 -99
3001 1988 082 26900 18.1 39.7 0.72 2.3 -99
3001 1988 083 24000 21.7 39.6 1.23 2.3 -99
3001 1988 084 24500 23.1 41.2 0.97 2.3 -99
3001 1988 085 21500 23.2 38.8 0.98 2.3 -99
3001 1988 086 23300 19.9 35.3 0.77 2.3 -99
3001 1988 087 26600 16.4 35.1 0.77 2.3 -99
3001 1988 088 25900 16.9 39.0 0.79 2.3 -99
3001 1988 089 25600 19.5 39.5 0.65 2.3 -99
3001 1988 090 26000 19.9 40.3 0.54 2.3 -99
3001 1988 091 25600 21.0 40.6 0.81 2.3 -99
3001 1988 092 27400 21.0 41.0 1.1 2.3 -99
3001 1988 093 26000 22.2 37.8 1.1 2.3 -99
3001 1988 094 21600 20.4 37.3 1.1 2.3 -99
3001 1988 095 25800 20.5 37.3 1 2.3 -99
3001 1988 096 25300 21.5 37.6 1.08 2.3 -99
3001 1988 097 25600 17.2 38.1 1.1 2.3 -99
3001 1988 098 25200 19.7 37.0 0.95 2.3 -99
3001 1988 099 26600 20.2 36.6 1.22 2.3 -99
3001 1988 100 26900 19.5 36.4 0.98 2.3 -99
3001 1988 101 25000 19.7 37.7 1.12 2.3 -99
3001 1988 102 25100 21.7 39.9 1.39 2.3 -99
3001 1988 103 26000 23.4 40.7 1.36 2.3 -99
3001 1988 104 26100 24.1 41.4 1.19 2.3 -99
3001 1988 105 26100 24.3 41.7 1.1 2.3 -99
3001 1988 106 26000 21.5 41.1 1.25 2.3 -99
3001 1988 107 27100 24.7 39.9 1.32 2.3 -99
3001 1988 108 26800 21.0 37.5 1.39 2.3 -99
3001 1988 109 27300 19.8 36.9 1.39 2.3 -99
3001 1988 110 27000 19.4 36.9 1.36 2.3 -99
3001 1988 111 26800 19.0 38.8 1.28 2.3 -99
3001 1988 112 26800 22.2 41.8 1.27 2.3 -99
3001 1988 113 26300 24.0 41.8 1.17 2.3 -99
3001 1988 114 26200 24.8 40.5 1.2 2.3 -99
3001 1988 115 27000 21.0 37.2 1.11 2.3 -99
3001 1988 116 26400 19.1 35.8 1.2 2.3 -99
3001 1988 117 27100 19.5 36.2 1.23 2.3 -99
3001 1988 118 27000 19.6 37.4 1.04 2.3 -99
3001 1988 119 25900 20.5 38.3 1.03 2.3 -99
3001 1988 120 26900 21.0 39.2 1.1 2.3 -99
3001 1988 121 26400 21.8 39.9 1.31 2.3 -99
3001 1988 122 25300 23.1 39.6 1.72 2.3 -99
3001 1988 123 26200 23.5 39.7 1.76 2.3 -99
3001 1988 124 24600 23.5 39.8 1.39 2.3 -99
3001 1988 125 26100 23.6 40.3 1.49 2.3 -99
3001 1988 126 26500 22.1 37.2 1.62 2.3 -99
3001 1988 127 27100 21.3 36.9 1.53 2.3 -99
3001 1988 128 27300 21.5 38.8 1.26 2.3 -99
3001 1988 129 26700 23.0 41.7 1.34 2.3 -99
3001 1988 130 24100 24.8 43.8 1.15 2.3 -99
3001 1988 131 25200 24.6 42.3 1.07 2.3 -99
3001 1988 132 26200 24.5 42.5 1.27 2.3 -99
3001 1988 133 27300 24.7 39.9 1.3 2.3 -99
3001 1988 134 26700 21.7 38.9 1.31 2.3 -99
3001 1988 135 27300 23.9 39.6 1.36 2.3 -99
3001 1988 136 27100 24.4 39.2 1.63 2.3 -99
3001 1988 137 26700 24.5 38.8 1.46 2.3 -99
3001 1988 138 26400 23.0 39.0 1.34 2.3 -99
3001 1988 139 26400 22.4 39.5 1.36 2.3 -99
3001 1988 140 26200 23.8 41.4 1.4 2.3 -99
3001 1988 141 26900 25.3 42.1 1.38 2.3 -99
3001 1988 142 26900 24.8 42.5 1.17 2.3 -99
3001 1988 143 26900 24.7 41.6 0.96 2.3 -99
3001 1988 144 27900 21.9 41.5 0.72 2.3 -99
3001 1988 145 27500 23.4 42.1 0.98 2.3 -99
3001 1988 146 26900 26.4 43.4 1.2 2.3 -99
3001 1988 147 21400 24.7 42.3 1.65 2.3 -99
3001 1988 148 26700 26.9 40.7 1.91 2.3 -99
3001 1988 149 26800 24.8 41.8 1.65 2.3 -99
3001 1988 150 26900 25.7 43.0 1.41 2.3 -99
3001 1988 151 28000 27.7 43.5 1.2 2.3 -99
3001 1988 152 27100 27.1 42.5 1.28 2.3 -99
3001 1988 153 26600 24.2 39.3 1.23 2.3 -99
3001 1988 154 26400 23.4 38.2 1.17 2.3 -99
3001 1988 155 25700 23.4 40.3 1.36 2.3 -99
3001 1988 156 21900 25.2 40.6 1.93 2.3 -99
3001 1988 157 26300 25.2 38.0 2.26 2.3 -99
3001 1988 158 24600 25.5 39.5 2.11 2.3 -99
3001 1988 159 25100 25.6 40.5 2.05 2.3 -99
3001 1988 160 25700 25.9 41.2 1.98 2.3 -99
3001 1988 161 21500 22.3 40.1 2.08 2.3 -99
3001 1988 162 22400 26.0 40.2 2.11 2.3 -99
3001 1988 163 25400 27.3 40.1 2.19 2.3 -99
3001 1988 164 22800 27.4 39.4 2.57 2.3 -99
3001 1988 165 26200 28.8 41.9 2.17 2.3 -99
3001 1988 166 25500 28.4 41.8 1.82 2.3 -99
3001 1988 167 25700 27.1 40.7 2.01 2.3 -99
3001 1988 168 25600 27.6 41.4 1.94 2.3 -99
3001 1988 169 25400 25.6 41.1 2.03 2.3 -99
3001 1988 170 26200 22.5 40.3 1.78 2.3 -99
3001 1988 171 21700 22.8 40.1 1.7 2.3 -99
3001 1988 172 25800 24.9 40.7 1.63 2.3 -99
3001 1988 173 25300 26.0 40.8 1.65 2.3 -99
3001 1988 174 26600 27.0 40.8 1.59 2.3 -99
3001 1988 175 19800 27.0 41.0 1.66 2.3 -99
3001 1988 176 19000 25.7 38.3 2.66 2.3 -99
3001 1988 177 25200 22.6 37.1 2.78 2.3 -99
3001 1988 178 25600 25.0 39.6 1.98 2.3 -99
3001 1988 179 24200 22.5 42.0 1.87 2.3 -99
3001 1988 180 25300 18.5 40.6 1.98 2.3 -99
3001 1988 181 27500 25.6 40.0 1.42 2.3 -99
3001 1988 182 27300 22.9 37.3 1.33 2.3 -99
3001 1988 183 26600 22.7 39.5 1.61 2.3 -99
3001 1988 184 25400 23.4 38.4 2.03 2.3 -99
3001 1988 185 25700 24.7 37.3 2.3 2.3 -99
3001 1988 186 23300 24.6 40.1 2.28 2.3 -99
3001 1988 187 26800 25.1 37.8 2.66 2.3 -99
3001 1988 188 25700 24.0 38.0 2.88 2.3 -99
3001 1988 189 26500 17.9 37.6 2.63 2.3 -99
3001 1988 190 25500 25.6 35.4 3.15 2.3 -99
3001 1988 191 26100 22.9 34.8 3.14 2.3 -99
3001 1988 192 23700 21.3 35.4 2.54 2.3 -99
3001 1988 193 24900 23.7 37.3 2.7 2.3 -99
3001 1988 194 20100 26.3 35.4 3.04 2.3 -99
3001 1988 195 22400 23.9 34.3 3.39 2.3 -99
3001 1988 196 23700 21.0 34.7 3.06 2.3 -99
3001 1988 197 25100 23.2 36.2 2.83 2.3 -99
3001 1988 198 25800 22.2 34.7 3.17 2.3 -99
3001 1988 199 25200 23.4 33.5 3.29 2.3 -99
3001 1988 200 22900 22.8 35.8 2.66 2.3 -99
3001 1988 201 28000 22.0 37.1 2.47 2.3 -99
3001 1988 202 24100 23.6 35.8 2.88 2.3 -99
3001 1988 203 24700 25.0 38.5 2.8 2.3 -99
3001 1988 204 20300 23.4 35.5 2.95 2.3 -99
3001 1988 205 25400 25.2 36.5 2.86 2.3 -99
3001 1988 206 17400 25.1 36.6 2.88 2.3 -99
3001 1988 207 25600 20.5 37.7 2.6 2.3 -99
3001 1988 208 26500 23.7 41.2 2.17 2.3 -99
3001 1988 209 24200 25.1 36.4 2.93 2.3 -99
3001 1988 210 19500 24.0 32.8 3.55 2.3 -99
3001 1988 211 25700 23.3 33.5 3.39 2.3 -99
3001 1988 212 21000 23.8 35.1 3.15 2.3 -99
3001 1988 213 24700 23.9 34.4 3.21 2.3 -99
3001 1988 214 24300 24.1 34.0 3.39 2.3 -99
3001 1988 215 19400 22.1 32.9 3.47 2.3 -99
3001 1988 216 25300 24.3 35.6 3.06 2.3 -99
3001 1988 217 24500 21.4 35.1 3.25 2.3 -99
3001 1988 218 21400 23.4 33.0 3.33 2.3 -99
3001 1988 219 24600 22.6 35.4 3.02 2.3 -99
3001 1988 220 25600 23.9 36.4 2.97 2.3 -99
3001 1988 221 22000 24.2 35.2 3.04 2.3 -99
3001 1988 222 25300 24.6 35.8 2.97 2.3 -99
3001 1988 223 25900 24.9 36.6 3.01 2.3 -99
3001 1988 224 26100 24.2 39.2 2.83 2.3 -99
3001 1988 225 26100 24.4 38.5 2.73 2.3 -99
3001 1988 226 22800 24.5 36.4 3.12 2.3 -99
3001 1988 227 19400 24.6 33.3 3.55 2.3 -99
3001 1988 228 16500 22.8 32.2 3.79 2.3 -99
3001 1988 229 22400 22.2 33.0 3.55 2.3 -99
3001 1988 230 23900 22.5 34.1 3.39 2.3 -99
3001 1988 231 15800 22.3 32.5 3.57 2.3 -99
3001 1988 232 23400 22.2 30.0 3.72 2.3 -99
3001 1988 233 21700 21.5 30.6 3.64 2.3 -99
3001 1988 234 12800 21.2 30.6 3.57 2.3 -99
3001 1988 235 13300 18.6 31.9 3.39 2.3 -99
3001 1988 236 21700 22.8 31.9 3.64 2.3 -99
3001 1988 237 18300 22.2 32.8 3.55 2.3 -99
3001 1988 238 23700 21.6 34.0 3.23 2.3 -99
3001 1988 239 21900 22.6 36.2 3.02 2.3 -99
3001 1988 240 16600 24.3 35.0 3.19 2.3 -99
3001 1988 241 16700 22.6 31.3 3.66 2.3 -99
3001 1988 242 19900 21.2 31.8 3.57 2.3 -99
3001 1988 243 23800 20.8 32.1 3.66 2.3 -99
3001 1988 244 22500 21.5 31.4 3.72 2.3 -99
3001 1988 245 22400 22.2 31.8 3.83 2.3 -99
3001 1988 246 22100 21.0 33.2 3.47 2.3 -99
3001 1988 247 24300 22.6 34.5 3.39 2.3 -99
3001 1988 248 24300 22.3 33.6 3.47 2.3 -99
3001 1988 249 24500 22.7 37.3 2.81 2.3 -99
3001 1988 250 24600 23.3 38.4 2.65 2.3 -99
3001 1988 251 5900 23.0 32.1 3.59 2.3 -99
3001 1988 252 14200 21.5 30.4 3.7 2.3 -99
3001 1988 253 24500 21.5 29.4 3.59 2.3 -99
3001 1988 254 25000 19.9 37.7 2.85 2.3 -99
3001 1988 255 24600 21.4 38.5 2.38 2.3 -99
3001 1988 256 22500 21.7 31.9 3.31 2.3 -99
3001 1988 257 19000 23.1 30.7 3.61 2.3 -99
3001 1988 258 21000 21.5 31.9 3.66 2.3 -99
3001 1988 259 22400 22.0 32.3 3.74 2.3 -99
3001 1988 260 17600 21.3 32.2 3.64 2.3 -99
3001 1988 261 13300 22.0 30.3 3.72 2.3 -99
3001 1988 262 20700 21.0 30.9 3.59 2.3 -99
3001 1988 263 21000 20.7 31.8 3.68 2.3 -99
3001 1988 264 23200 21.6 32.5 3.7 2.3 -99
3001 1988 265 20400 21.4 31.4 3.64 2.3 -99
3001 1988 266 22200 21.4 34.7 3.21 2.3 -99
3001 1988 267 23900 22.1 40.3 1.98 2.3 -99
3001 1988 268 18300 20.8 39.3 1.81 2.3 -99
3001 1988 269 21300 22.3 40.5 1.66 2.3 -99
3001 1988 270 19800 25.6 42.0 1.82 2.3 -99
3001 1988 271 23100 24.0 39.5 2.4 2.3 -99
3001 1988 272 23300 24.7 38.8 2.38 2.3 -99
3001 1988 273 19700 23.5 38.3 2.37 2.3 -99
3001 1988 274 23400 23.1 37.3 2.76 2.3 -99
3001 1988 275 22500 22.5 36.3 2.63 2.3 -99
3001 1988 276 22500 22.3 35.5 2.17 2.3 -99
3001 1988 277 21900 23.2 37.6 1.78 2.3 -99
3001 1988 278 22900 22.9 39.5 1.49 2.3 -99
3001 1988 279 21700 26.0 39.4 2.11 2.3 -99
3001 1988 280 22100 25.8 40.1 2.34 2.3 -99
3001 1988 281 22200 26.3 40.6 2.21 2.3 -99
3001 1988 282 21600 24.9 40.9 1.81 2.3 -99
3001 1988 283 21100 24.6 40.3 1.57 2.3 -99
3001 1988 284 22700 24.6 40.8 1.58 2.3 -99
3001 1988 285 21600 24.4 40.2 1.55 2.3 -99
3001 1988 286 23000 27.0 39.3 1.37 2.3 -99
3001 1988 287 16600 22.9 37.7 1.26 2.3 -99
3001 1988 288 20900 22.6 37.6 1.56 2.3 -99
3001 1988 289 22600 23.2 37.9 1.65 2.3 -99
3001 1988 290 20000 21.0 38.2 1.57 2.3 -99
3001 1988 291 17700 24.1 37.2 1.61 2.3 -99
3001 1988 292 21600 23.1 36.3 1.71 2.3 -99
3001 1988 293 22000 24.1 37.3 1.51 2.3 -99
3001 1988 294 21900 22.8 38.5 1.42 2.3 -99
3001 1988 295 21900 23.8 39.3 1.41 2.3 -99
3001 1988 296 22000 23.2 39.5 0.99 2.3 -99
3001 1988 297 19100 22.2 39.5 0.94 2.3 -99
3001 1988 298 21700 23.2 39.5 1.15 2.3 -99
3001 1988 299 21900 21.4 39.1 1.04 2.3 -99
3001 1988 300 21800 22.2 38.4 0.88 2.3 -99
3001 1988 301 22700 20.4 37.4 0.89 2.3 -99
3001 1988 302 21800 20.2 37.7 0.85 2.3 -99
3001 1988 303 21000 21.0 38.3 1.02 2.3 -99
3001 1988 304 17600 23.3 39.9 1.23 2.3 -99
3001 1988 305 20800 23.0 38.5 1.29 2.3 -99
3001 1988 306 19500 20.8 37.6 0.92 2.3 -99
3001 1988 307 16600 20.1 35.7 1.25 2.3 -99
3001 1988 308 20600 20.2 35.4 1.65 2.3 -99
3001 1988 309 16700 21.4 34.4 2.01 2.3 -99
3001 1988 310 17700 22.3 34.4 2.12 2.3 -99
3001 1988 311 17400 23.5 36.1 1.94 2.3 -99
3001 1988 312 18900 24.5 37.1 1.93 2.3 -99
3001 1988 313 20200 25.2 38.7 1.63 2.3 -99
3001 1988 314 20600 21.7 37.7 1.17 2.3 -99
3001 1988 315 17900 21.4 35.8 1.9 2.3 -99
3001 1988 316 19800 21.6 34.8 1.63 2.3 -99
3001 1988 317 20000 20.4 36.2 1.46 2.3 -99
3001 1988 318 18800 21.1 37.4 1.36 2.3 -99
3001 1988 319 17600 21.3 38.0 1.12 2.3 -99
3001 1988 320 15700 20.6 37.7 0.97 2.3 -99
3001 1988 321 13600 20.8 37.4 1.04 2.3 -99
3001 1988 322 15100 20.5 37.1 1.2 2.3 -99
3001 1988 323 19900 20.9 37.5 1.1 2.3 -99
3001 1988 324 19500 21.3 36.5 1.2 2.3 -99
3001 1988 325 16200 21.5 35.3 1.18 2.3 -99
3001 1988 326 17400 20.5 33.5 1.03 2.3 -99
3001 1988 327 19100 17.4 32.5 0.81 2.3 -99
3001 1988 328 16900 15.9 32.3 0.82 2.3 -99
3001 1988 329 16800 17.5 33.5 0.73 2.3 -99
3001 1988 330 17900 17.0 33.3 0.77 2.3 -99
3001 1988 331 18700 15.9 34.4 0.84 2.3 -99
3001 1988 332 19100 16.6 33.0 1.16 2.3 -99
3001 1988 333 19100 17.4 32.3 1.39 2.3 -99
3001 1988 334 18600 17.6 31.9 1.36 2.3 -99
3001 1988 335 18500 19.0 31.7 1.24 2.3 -99
3001 1988 336 16500 17.2 31.9 1.09 2.3 -99
3001 1988 337 16800 16.1 31.9 0.92 2.3 -99
3001 1988 338 16800 15.8 33.0 0.84 2.3 -99
3001 1988 339 16500 15.4 32.5 0.66 2.3 -99
3001 1988 340 15900 13.1 33.8 0.77 2.3 -99
3001 1988 341 17600 15.6 35.5 1.05 2.3 -99
3001 1988 342 16600 16.6 35.8 1 2.3 -99
3001 1988 343 16200 18.1 36.0 1.05 2.3 -99
3001 1988 344 15900 18.4 36.8 1.01 2.3 -99
3001 1988 345 15400 19.8 34.0 0.9 2.3 -99
3001 1988 346 15800 16.3 30.0 0.65 2.3 -99
3001 1988 347 15600 12.7 28.7 0.65 2.3 -99
3001 1988 348 15600 13.1 28.4 0.71 2.3 -99
3001 1988 349 14800 12.5 29.2 0.67 2.3 -99
3001 1988 350 8500 15.7 29.1 0.61 2.3 -99
3001 1988 351 3100 17.5 28.9 0.87 2.3 -99
3001 1988 352 8600 17.2 30.8 0.95 2.3 -99
3001 1988 353 14300 16.2 32.3 1.04 2.3 -99
3001 1988 354 10000 20.9 33.9 1.03 2.3 -99
3001 1988 355 14600 21.3 33.8 1.02 2.3 -99
3001 1988 356 15400 19.4 32.5 0.69 2.3 -99
3001 1988 357 14300 17.7 30.8 0.57 2.3 -99
3001 1988 358 16400 16.5 29.2 0.67 2.3 -99
3001 1988 359 15600 15.0 28.4 0.9 2.3 -99
3001 1988 360 16000 12.7 28.9 0.72 2.3 -99
3001 1988 361 15700 13.4 29.5 1.04 2.3 -99
3001 1988 362 15400 14.2 30.6 0.95 2.3 -99
3001 1988 363 15400 14.1 31.5 0.97 2.3 -99
3001 1988 364 14100 14.7 33.4 1.04 2.3 -99
3001 1988 365 11200 16.4 34.0 1.01 2.3 -99
3001 1988 366 9600 19.0 33.9 0.94 2.3 -99
