*---------------------------------------------------------*
*   Country: Senegal
*   Station: SEN_HUB_fanaye
*   Station #: 3001
*   Year: 1995
*   Source: AfricaRice; historical observed data (1991-1999,2006-2011, 2013,2014)
*   Author: Pepijn van Oort (AfricaRice). Original Script by Justin van Wart (University Nebraska)
*   Longitude: -14.80 (decimal degrees East)
*   Latitude: 16.53 (decimal degrees North)
*   Elevation: 11 m.
*
*  Columns:
*  ========
*  1 station number
*  2 year
*  3 day
*  4 irradiation (kJ m-2 d-1)
*  5 minimum temperature (degrees Celsius)
*  6 maximum temperature (degrees Celsius)
*  7 actual vapour pressure (kPa)   
*  8 mean wind speed (m s-1)
*  9 precipitation (mm d-1)
*
** WCCDESCRIPTION=Senegal, SEN_HUB_fanaye
** WCCFORMAT=2
** WCCYEARNR= 1995
*
* COMMENT - START
*   Filename: SEN3001.995
*   Source file: SEN_HUBHIST_Fanaye.xlsx; sheet: GYGAReady_public_propagation
*   Source file contains station data (black) and propagated data (red).
*   When station data are available these are filled in in the current file.
*   When station data are not available the method uses NASA data from the POWER database.
*   Tmin, Tmax and Tdew from the POWER database are corrected for bias based on empirical regression between POWER data and available station data.
* COMMENT - END
*---------------------------------------------------------*
-14.80  16.53  11  0  0
3001 1995 001 18900 12.8 30.9 0.52 2.3 -99
3001 1995 002 20300 11.2 33.0 0.6 2.3 -99
3001 1995 003 20500 9.9 32.9 0.76 2.3 -99
3001 1995 004 20900 12.0 31.7 0.98 2.3 -99
3001 1995 005 20500 9.5 32.4 0.75 2.3 -99
3001 1995 006 19500 10.4 32.7 0.79 2.3 -99
3001 1995 007 15000 14.4 29.4 0.6 2.3 -99
3001 1995 008 11100 17.9 25.7 0.67 2.3 -99
3001 1995 009 21000 11.7 28.7 0.83 2.3 -99
3001 1995 010 16900 10.4 28.7 0.76 2.3 -99
3001 1995 011 17300 16.3 25.3 0.72 2.3 -99
3001 1995 012 17300 12.8 23.9 0.72 2.3 -99
3001 1995 013 12900 15.6 24.4 0.72 2.3 -99
3001 1995 014 21200 8.7 29.9 0.58 2.3 -99
3001 1995 015 21100 9.3 30.9 0.58 2.3 -99
3001 1995 016 18900 12.1 29.7 0.58 2.3 -99
3001 1995 017 22100 10.6 28.0 0.5 2.3 -99
3001 1995 018 22000 7.8 28.1 0.52 2.3 -99
3001 1995 019 22300 6.9 28.6 0.47 2.3 -99
3001 1995 020 18600 12.2 29.1 0.46 2.3 -99
3001 1995 021 21100 8.2 30.4 0.47 2.3 -99
3001 1995 022 17800 10.9 29.4 0.62 2.3 -99
3001 1995 023 12100 14.7 27.7 0.59 2.3 -99
3001 1995 024 20900 14.3 31.5 0.69 2.3 -99
3001 1995 025 14600 16.3 30.3 0.62 2.3 -99
3001 1995 026 15200 18.2 30.4 0.59 2.3 -99
3001 1995 027 21300 14.1 31.2 0.72 2.3 -99
3001 1995 028 19100 10.7 31.2 0.65 2.3 -99
3001 1995 029 21600 13.2 31.8 0.5 2.3 -99
3001 1995 030 22500 12.9 31.3 0.52 2.3 -99
3001 1995 031 18500 11.7 30.8 0.62 2.3 -99
3001 1995 032 22700 9.9 31.3 0.62 2.3 -99
3001 1995 033 18100 13.6 32.6 0.78 2.3 -99
3001 1995 034 18000 13.4 32.0 1.14 2.3 -99
3001 1995 035 12900 18.8 24.3 1.07 2.3 -99
3001 1995 036 12500 17.6 30.9 0.81 2.3 -99
3001 1995 037 21200 14.2 33.9 0.65 2.3 -99
3001 1995 038 18400 14.7 33.8 0.65 2.3 -99
3001 1995 039 16700 16.8 34.2 0.81 2.3 -99
3001 1995 040 18700 16.8 34.4 0.69 2.3 -99
3001 1995 041 11800 15.2 32.0 0.76 2.3 -99
3001 1995 042 20100 16.0 30.8 1.11 2.3 -99
3001 1995 043 16500 13.5 30.1 1.13 2.3 -99
3001 1995 044 21400 14.4 31.4 0.9 2.3 -99
3001 1995 045 19200 15.3 32.4 0.76 2.3 -99
3001 1995 046 16300 16.5 33.4 0.71 2.3 -99
3001 1995 047 15900 18.4 34.6 0.74 2.3 -99
3001 1995 048 20600 18.2 35.8 0.72 2.3 -99
3001 1995 049 21200 17.4 36.3 0.8 2.3 -99
3001 1995 050 21700 17.8 37.3 0.81 2.3 -99
3001 1995 051 20800 19.2 38.4 0.81 2.3 -99
3001 1995 052 15900 19.5 38.4 0.97 2.3 -99
3001 1995 053 18000 19.9 38.7 0.96 2.3 -99
3001 1995 054 21700 21.9 38.4 0.89 2.3 -99
3001 1995 055 21400 18.6 36.2 0.76 2.3 -99
3001 1995 056 22300 17.3 35.5 0.81 2.3 -99
3001 1995 057 21800 16.2 35.3 0.87 2.3 -99
3001 1995 058 20300 17.6 34.9 1.2 2.3 -99
3001 1995 059 20100 16.7 34.0 1.07 2.3 -99
3001 1995 060 18300 15.4 32.0 0.87 2.3 -99
3001 1995 061 21100 17.6 30.6 0.79 2.3 -99
3001 1995 062 18500 17.1 31.6 1.12 2.3 -99
3001 1995 063 21300 16.9 34.3 1 2.3 -99
3001 1995 064 22300 14.2 35.1 0.76 2.3 -99
3001 1995 065 22600 18.7 35.0 0.8 2.3 -99
3001 1995 066 20000 15.4 35.8 0.94 2.3 -99
3001 1995 067 21500 17.3 37.7 0.89 2.3 -99
3001 1995 068 20600 19.0 37.8 1.01 2.3 -99
3001 1995 069 22900 19.4 37.1 1.32 2.3 -99
3001 1995 070 16300 20.5 31.1 1.38 2.3 -99
3001 1995 071 20800 17.1 29.5 1.48 2.3 -99
3001 1995 072 17500 17.6 29.1 1.54 2.3 -99
3001 1995 073 9400 17.8 25.5 1.66 2.3 -99
3001 1995 074 18600 17.6 32.8 1.39 2.3 -99
3001 1995 075 22300 17.2 30.6 1.44 2.3 -99
3001 1995 076 24600 16.9 32.6 1.24 2.3 -99
3001 1995 077 25400 14.4 34.2 1.31 2.3 -99
3001 1995 078 25800 14.1 37.6 1.54 2.3 -99
3001 1995 079 24900 16.9 36.2 1.54 2.3 -99
3001 1995 080 25500 17.5 35.3 1.63 2.3 -99
3001 1995 081 25400 17.6 35.6 1.34 2.3 -99
3001 1995 082 25800 17.7 36.5 1.08 2.3 -99
3001 1995 083 26200 17.0 35.8 1.11 2.3 -99
3001 1995 084 26300 16.7 37.2 1.24 2.3 -99
3001 1995 085 25500 16.7 39.9 1.31 2.3 -99
3001 1995 086 19900 19.0 37.8 1.53 2.3 -99
3001 1995 087 21900 19.6 36.2 1.47 2.3 -99
3001 1995 088 24200 17.7 34.7 1.6 2.3 -99
3001 1995 089 24800 18.3 34.7 1.64 2.3 -99
3001 1995 090 25000 17.7 35.1 1.43 2.3 -99
3001 1995 091 24300 17.6 35.3 1.36 2.3 -99
3001 1995 092 21400 19.0 35.1 1.37 2.3 -99
3001 1995 093 24900 19.3 37.0 1.37 2.3 -99
3001 1995 094 25400 17.9 34.8 1.29 2.3 -99
3001 1995 095 23400 18.1 33.2 0.89 2.3 -99
3001 1995 096 26300 16.7 36.0 0.81 2.3 -99
3001 1995 097 25900 17.1 38.0 1.24 2.3 -99
3001 1995 098 25200 18.4 37.6 1.3 2.3 -99
3001 1995 099 23200 17.8 35.6 1.15 2.3 -99
3001 1995 100 24100 17.8 33.6 1.31 2.3 -99
3001 1995 101 26300 17.0 33.3 0.96 2.3 -99
3001 1995 102 26300 16.8 36.5 1.31 2.3 -99
3001 1995 103 25800 18.9 39.1 1.45 2.3 -99
3001 1995 104 25900 20.7 39.1 1.26 2.3 -99
3001 1995 105 27500 18.7 36.6 1.22 2.3 -99
3001 1995 106 27400 16.6 36.3 1.07 2.3 -99
3001 1995 107 27800 18.1 36.9 1.13 2.3 -99
3001 1995 108 27100 17.6 37.7 1.2 2.3 -99
3001 1995 109 24800 19.4 36.8 1.37 2.3 -99
3001 1995 110 23400 18.0 37.6 1.44 2.3 -99
3001 1995 111 26200 19.6 36.9 1.15 2.3 -99
3001 1995 112 26100 17.0 35.1 1.16 2.3 -99
3001 1995 113 26200 16.9 35.1 1.03 2.3 -99
3001 1995 114 27500 14.5 39.0 0.85 2.3 -99
3001 1995 115 27500 16.6 40.5 0.87 2.3 -99
3001 1995 116 26300 19.4 40.4 0.85 2.3 -99
3001 1995 117 27600 19.2 41.6 0.97 2.3 -99
3001 1995 118 26500 20.1 41.3 1.05 2.3 -99
3001 1995 119 27200 21.0 42.1 0.97 2.3 -99
3001 1995 120 27800 21.0 43.5 0.87 2.3 -99
3001 1995 121 28700 17.8 42.1 0.97 2.3 -99
3001 1995 122 27900 19.9 41.6 1.04 2.3 -99
3001 1995 123 29000 18.9 42.0 1.02 2.3 -99
3001 1995 124 28800 18.0 41.3 1.2 2.3 -99
3001 1995 125 28000 19.5 39.3 1.31 2.3 -99
3001 1995 126 27500 19.2 40.4 1.27 2.3 -99
3001 1995 127 27700 20.5 40.8 1.31 2.3 -99
3001 1995 128 27600 19.2 40.1 1.37 2.3 -99
3001 1995 129 26700 18.7 37.5 1.41 2.3 -99
3001 1995 130 26500 19.0 40.4 1.28 2.3 -99
3001 1995 131 25700 19.8 41.5 1.38 2.3 -99
3001 1995 132 26300 19.9 39.6 1.45 2.3 -99
3001 1995 133 25900 19.6 41.6 1.57 2.3 -99
3001 1995 134 26300 20.8 42.8 1.55 2.3 -99
3001 1995 135 25500 21.0 43.1 2.26 2.3 -99
3001 1995 136 24800 26.1 42.7 1.66 2.3 -99
3001 1995 137 23800 26.4 43.2 1.43 2.3 -99
3001 1995 138 21900 26.6 44.9 1.38 2.3 -99
3001 1995 139 24100 27.2 42.6 1.36 2.3 -99
3001 1995 140 24300 22.3 42.6 1.4 2.3 -99
3001 1995 141 24900 25.2 40.9 1.37 2.3 -99
3001 1995 142 22400 25.5 38.7 1.58 2.3 -99
3001 1995 143 24700 21.6 37.4 1.5 2.3 -99
3001 1995 144 26000 19.4 37.7 1.76 2.3 -99
3001 1995 145 25000 19.8 37.7 1.71 2.3 -99
3001 1995 146 26500 21.5 41.7 1.47 2.3 -99
3001 1995 147 24600 22.9 44.0 1.32 2.3 -99
3001 1995 148 25500 24.1 44.5 1.12 2.3 -99
3001 1995 149 26500 22.6 40.6 0.88 2.3 -99
3001 1995 150 26900 20.7 39.5 0.84 2.3 -99
3001 1995 151 26300 19.0 37.3 1.17 2.3 -99
3001 1995 152 26700 18.1 35.5 1.33 2.3 -99
3001 1995 153 26300 18.7 35.6 1.45 2.3 -99
3001 1995 154 26600 19.5 39.0 1.57 2.3 -99
3001 1995 155 26000 20.5 42.0 1.61 2.3 -99
3001 1995 156 23700 21.0 41.6 1.53 2.3 -99
3001 1995 157 25500 21.9 41.3 1.53 2.3 -99
3001 1995 158 26000 21.2 41.6 1.61 2.3 -99
3001 1995 159 26300 22.0 39.8 1.48 2.3 -99
3001 1995 160 27000 20.8 42.0 1.72 2.3 -99
3001 1995 161 26500 21.9 43.9 1.87 2.3 -99
3001 1995 162 22700 22.3 44.3 1.75 2.3 -99
3001 1995 163 22300 25.9 41.1 1.91 2.3 -99
3001 1995 164 23300 23.3 37.4 1.76 2.3 -99
3001 1995 165 22800 23.6 36.3 1.67 2.3 -99
3001 1995 166 20300 23.6 36.4 1.71 2.3 -99
3001 1995 167 25900 21.9 38.4 1.54 2.3 -99
3001 1995 168 25900 22.5 42.2 1.37 2.3 -99
3001 1995 169 14600 24.3 42.4 1.68 2.3 -99
3001 1995 170 22300 26.7 41.6 1.89 2.3 -99
3001 1995 171 22000 26.7 43.9 1.57 2.3 -99
3001 1995 172 19700 24.8 44.5 1.29 2.3 -99
3001 1995 173 25400 27.9 45.4 2.6 2.3 -99
3001 1995 174 23700 26.6 40.2 3.39 2.3 -99
3001 1995 175 25200 23.5 34.7 2.63 2.3 -99
3001 1995 176 24700 24.3 36.7 1.75 2.3 -99
3001 1995 177 26700 22.5 42.7 1.13 2.3 -99
3001 1995 178 27500 21.7 40.0 1.41 2.3 -99
3001 1995 179 25900 22.8 39.3 2.33 2.3 -99
3001 1995 180 25700 24.1 38.5 2.51 2.3 -99
3001 1995 181 18100 24.6 36.3 1.93 2.3 -99
3001 1995 182 24000 24.5 42.9 1.64 2.3 -99
3001 1995 183 16900 25.9 43.8 2.92 2.3 -99
3001 1995 184 21200 30.1 38.9 3.55 2.3 -99
3001 1995 185 18100 20.8 34.0 3.66 2.3 -99
3001 1995 186 24100 25.3 38.0 2.09 2.3 -99
3001 1995 187 13800 25.7 42.9 2.62 2.3 -99
3001 1995 188 23900 28.8 39.1 3.47 2.3 -99
3001 1995 189 20700 26.9 35.3 2.38 2.3 -99
3001 1995 190 25400 24.4 37.3 1.75 2.3 -99
3001 1995 191 22100 23.7 42.4 2.03 2.3 -99
3001 1995 192 21100 26.3 37.3 2.47 2.3 -99
3001 1995 193 24900 26.0 38.9 3.29 2.3 -99
3001 1995 194 20600 25.3 35.2 3.66 2.3 -99
3001 1995 195 22800 22.0 35.2 2.49 2.3 -99
3001 1995 196 24600 25.1 40.9 2.26 2.3 -99
3001 1995 197 23800 27.5 41.6 2.62 2.3 -99
3001 1995 198 24000 26.5 36.4 2.08 2.3 -99
3001 1995 199 23000 24.4 36.1 2.3 2.3 -99
3001 1995 200 23200 24.0 35.5 2.73 2.3 -99
3001 1995 201 24800 21.1 37.2 3.14 2.3 -99
3001 1995 202 18900 21.4 34.0 2.62 2.3 -99
3001 1995 203 20000 23.8 32.4 2.86 2.3 -99
3001 1995 204 25100 24.8 35.5 3.29 2.3 -99
3001 1995 205 23000 25.4 36.1 3.17 2.3 -99
3001 1995 206 24400 26.1 36.7 2.88 2.3 -99
3001 1995 207 24700 24.5 35.7 2.99 2.3 -99
3001 1995 208 23500 24.3 36.4 2.93 2.3 -99
3001 1995 209 20500 25.5 34.2 3.33 2.3 -99
3001 1995 210 20600 25.4 36.0 3.64 2.3 -99
3001 1995 211 7100 22.0 29.1 3.7 2.3 -99
3001 1995 212 16200 22.8 32.6 3.66 2.3 -99
3001 1995 213 16600 24.4 31.1 3.41 2.3 -99
3001 1995 214 25200 24.7 35.7 3.66 2.3 -99
3001 1995 215 21800 24.9 34.2 3.76 2.3 -99
3001 1995 216 17700 24.9 32.3 3.74 2.3 -99
3001 1995 217 23700 26.0 33.9 3.66 2.3 -99
3001 1995 218 22200 24.4 35.0 3.37 2.3 -99
3001 1995 219 24600 26.3 35.5 3.68 2.3 -99
3001 1995 220 8900 21.5 30.1 3.74 2.3 -99
3001 1995 221 20500 24.0 34.7 3.17 2.3 -99
3001 1995 222 22800 25.6 34.7 3.01 2.3 -99
3001 1995 223 23700 25.6 35.6 3.39 2.3 -99
3001 1995 224 14900 25.7 33.2 3.14 2.3 -99
3001 1995 225 25100 24.8 37.1 3.47 2.3 -99
3001 1995 226 23800 26.8 37.7 3.43 2.3 -99
3001 1995 227 20500 27.0 34.8 3.04 2.3 -99
3001 1995 228 23000 21.0 33.5 2.81 2.3 -99
3001 1995 229 22000 25.1 34.1 3.47 2.3 -99
3001 1995 230 16000 24.8 32.0 3.29 2.3 -99
3001 1995 231 24100 23.8 34.5 3.55 2.3 -99
3001 1995 232 23600 25.3 35.1 3.55 2.3 -99
3001 1995 233 24900 25.3 37.5 3.25 2.3 -99
3001 1995 234 10200 25.2 31.6 3.04 2.3 -99
3001 1995 235 21800 23.6 36.6 3.43 2.3 -99
3001 1995 236 23100 24.8 38.3 3.74 2.3 -99
3001 1995 237 21700 23.9 33.1 3.39 2.3 -99
3001 1995 238 7300 23.9 30.9 3.35 2.3 -99
3001 1995 239 24700 23.3 34.8 3.49 2.3 -99
3001 1995 240 17600 22.4 36.3 3.59 2.3 -99
3001 1995 241 23300 26.1 33.8 3.39 2.3 -99
3001 1995 242 12100 23.3 29.9 3.23 2.3 -99
3001 1995 243 24900 24.0 36.7 3.57 2.3 -99
3001 1995 244 20900 26.2 33.6 3.68 2.3 -99
3001 1995 245 18400 26.3 32.8 3.57 2.3 -99
3001 1995 246 10300 24.5 33.3 3.53 2.3 -99
3001 1995 247 17200 24.2 35.0 3.57 2.3 -99
3001 1995 248 18300 23.3 34.5 3.74 2.3 -99
3001 1995 249 22500 25.3 35.9 3.79 2.3 -99
3001 1995 250 23600 25.4 36.2 3.66 2.3 -99
3001 1995 251 23400 26.2 37.5 3.57 2.3 -99
3001 1995 252 23600 26.1 37.3 3.37 2.3 -99
3001 1995 253 24000 26.1 37.8 3.64 2.3 -99
3001 1995 254 22200 21.5 36.1 3.37 2.3 -99
3001 1995 255 18500 21.2 33.8 3.01 2.3 -99
3001 1995 256 19300 25.5 36.0 3.47 2.3 -99
3001 1995 257 24000 25.8 38.6 3.47 2.3 -99
3001 1995 258 19500 27.3 35.1 3.51 2.3 -99
3001 1995 259 22800 25.1 36.9 3.29 2.3 -99
3001 1995 260 22600 24.1 39.1 2.55 2.3 -99
3001 1995 261 20900 23.3 37.8 2.38 2.3 -99
3001 1995 262 19300 24.4 35.3 3.57 2.3 -99
3001 1995 263 14200 24.3 32.4 3.51 2.3 -99
3001 1995 264 17300 24.1 33.5 3.64 2.3 -99
3001 1995 265 15200 24.5 34.0 3.29 2.3 -99
3001 1995 266 24000 24.9 37.5 2.73 2.3 -99
3001 1995 267 17800 22.9 32.1 2.15 2.3 -99
3001 1995 268 22700 25.1 38.2 1.72 2.3 -99
3001 1995 269 23300 23.6 35.9 1.72 2.3 -99
3001 1995 270 23400 21.9 34.2 1.96 2.3 -99
3001 1995 271 23300 22.8 34.6 1.85 2.3 -99
3001 1995 272 20700 23.1 35.2 2.08 2.3 -99
3001 1995 273 19800 24.9 35.1 2.9 2.3 -99
3001 1995 274 21300 25.4 38.2 2.04 2.3 -99
3001 1995 275 22200 25.9 39.2 1.53 2.3 -99
3001 1995 276 22800 26.2 39.4 1.53 2.3 -99
3001 1995 277 23400 25.5 40.3 1.59 2.3 -99
3001 1995 278 23200 23.4 41.5 1.55 2.3 -99
3001 1995 279 23200 24.1 41.6 1.65 2.3 -99
3001 1995 280 20400 22.8 35.4 2.01 2.3 -99
3001 1995 281 22200 23.3 38.7 1.99 2.3 -99
3001 1995 282 11100 25.9 33.8 1.8 2.3 -99
3001 1995 283 17400 26.0 40.8 1.94 2.3 -99
3001 1995 284 20000 24.3 39.8 2.93 2.3 -99
3001 1995 285 18000 26.8 37.9 2.11 2.3 -99
3001 1995 286 21400 26.0 40.0 1.53 2.3 -99
3001 1995 287 22400 22.9 39.9 1.46 2.3 -99
3001 1995 288 22400 22.2 40.3 1.48 2.3 -99
3001 1995 289 22800 21.2 41.4 1.53 2.3 -99
3001 1995 290 22300 22.7 41.2 1.48 2.3 -99
3001 1995 291 22100 22.5 39.3 1.39 2.3 -99
3001 1995 292 21900 23.6 39.1 1.34 2.3 -99
3001 1995 293 19600 22.3 36.7 1.14 2.3 -99
3001 1995 294 22400 21.9 36.1 1.1 2.3 -99
3001 1995 295 22400 17.2 37.3 1.31 2.3 -99
3001 1995 296 21300 17.8 37.8 1.45 2.3 -99
3001 1995 297 20700 20.1 38.8 1.58 2.3 -99
3001 1995 298 20900 20.2 38.9 1.39 2.3 -99
3001 1995 299 20800 23.5 37.7 1 2.3 -99
3001 1995 300 21500 22.1 36.6 1.07 2.3 -99
3001 1995 301 20200 17.5 36.8 1.27 2.3 -99
3001 1995 302 19000 18.7 39.3 1.48 2.3 -99
3001 1995 303 20100 19.8 40.2 1.45 2.3 -99
3001 1995 304 19500 26.0 34.8 1.44 2.3 -99
3001 1995 305 17600 23.7 38.8 1.33 2.3 -99
3001 1995 306 18000 22.3 39.7 1.13 2.3 -99
3001 1995 307 21500 16.5 38.5 1.2 2.3 -99
3001 1995 308 20500 16.8 38.6 1.36 2.3 -99
3001 1995 309 17500 19.8 36.1 1.23 2.3 -99
3001 1995 310 17400 19.9 35.9 1.15 2.3 -99
3001 1995 311 17000 19.8 37.3 0.96 2.3 -99
3001 1995 312 14300 20.7 37.4 1.15 2.3 -99
3001 1995 313 17100 20.7 36.7 1.28 2.3 -99
3001 1995 314 15700 20.7 36.8 1.33 2.3 -99
3001 1995 315 18300 21.4 36.9 1.47 2.3 -99
3001 1995 316 16400 22.7 37.7 1.4 2.3 -99
3001 1995 317 16200 23.7 38.8 1.25 2.3 -99
3001 1995 318 16600 23.6 38.6 1.2 2.3 -99
3001 1995 319 22800 18.3 38.9 1.13 2.3 -99
3001 1995 320 20400 19.0 38.3 1.22 2.3 -99
3001 1995 321 21000 19.3 38.7 1.13 2.3 -99
3001 1995 322 20500 16.2 38.0 0.79 2.3 -99
3001 1995 323 20700 15.4 38.6 0.84 2.3 -99
3001 1995 324 20400 16.4 37.4 0.89 2.3 -99
3001 1995 325 20400 15.2 36.5 0.87 2.3 -99
3001 1995 326 21100 14.0 36.5 0.95 2.3 -99
3001 1995 327 20800 13.9 36.2 1.12 2.3 -99
3001 1995 328 18800 13.8 36.3 1.35 2.3 -99
3001 1995 329 18900 16.6 36.1 1.32 2.3 -99
3001 1995 330 19200 15.0 35.8 1.31 2.3 -99
3001 1995 331 15600 16.1 35.0 1.34 2.3 -99
3001 1995 332 17600 15.2 36.3 1.51 2.3 -99
3001 1995 333 18100 18.0 30.7 1.55 2.3 -99
3001 1995 334 13700 20.1 31.2 1.58 2.3 -99
3001 1995 335 13900 17.4 33.6 1.96 2.3 -99
3001 1995 336 12800 20.0 26.3 2.2 2.3 -99
3001 1995 337 16800 19.1 24.5 2.03 2.3 -99
3001 1995 338 14900 18.6 27.0 1.48 2.3 -99
3001 1995 339 17700 15.8 29.1 1.18 2.3 -99
3001 1995 340 17800 16.6 31.2 1.1 2.3 -99
3001 1995 341 17700 15.4 31.0 1.24 2.3 -99
3001 1995 342 15900 15.7 30.8 1.28 2.3 -99
3001 1995 343 10100 19.0 28.4 1.61 2.3 -99
3001 1995 344 19800 20.1 28.1 1.62 2.3 -99
3001 1995 345 16600 15.9 30.0 1.62 2.3 -99
3001 1995 346 16300 16.7 31.5 1.95 2.3 -99
3001 1995 347 13600 21.0 31.8 2.41 2.3 -99
3001 1995 348 16600 21.4 28.3 2.57 2.3 -99
3001 1995 349 17800 19.7 21.8 2.99 2.3 -99
3001 1995 350 10900 19.1 27.4 2.88 2.3 -99
3001 1995 351 14400 20.0 29.9 2.58 2.3 -99
3001 1995 352 17000 19.0 31.9 2.24 2.3 -99
3001 1995 353 11500 20.1 30.6 1.76 2.3 -99
3001 1995 354 17100 19.3 32.5 1.8 2.3 -99
3001 1995 355 17400 18.3 32.7 1.53 2.3 -99
3001 1995 356 17800 17.3 31.8 1.38 2.3 -99
3001 1995 357 17300 15.8 31.0 1.04 2.3 -99
3001 1995 358 19000 14.7 29.1 1 2.3 -99
3001 1995 359 19600 10.5 29.9 1.07 2.3 -99
3001 1995 360 19900 8.3 33.2 1.32 2.3 -99
3001 1995 361 14400 12.6 34.7 1.3 2.3 -99
3001 1995 362 16500 17.0 33.9 1.07 2.3 -99
3001 1995 363 18600 13.5 32.1 0.89 2.3 -99
3001 1995 364 19000 8.2 32.6 0.75 2.3 -99
3001 1995 365 20500 7.3 34.7 0.93 2.3 -99
