*---------------------------------------------------------*
*   Country: Senegal
*   Station: SEN_HUB_fanaye
*   Station #: 3001
*   Year: 2003
*   Source: AfricaRice; historical observed data (1991-1999,2006-2011, 2013,2014)
*   Author: Pepijn van Oort (AfricaRice). Original Script by Justin van Wart (University Nebraska)
*   Longitude: -14.80 (decimal degrees East)
*   Latitude: 16.53 (decimal degrees North)
*   Elevation: 11 m.
*
*  Columns:
*  ========
*  1 station number
*  2 year
*  3 day
*  4 irradiation (kJ m-2 d-1)
*  5 minimum temperature (degrees Celsius)
*  6 maximum temperature (degrees Celsius)
*  7 actual vapour pressure (kPa)   
*  8 mean wind speed (m s-1)
*  9 precipitation (mm d-1)
*
** WCCDESCRIPTION=Senegal, SEN_HUB_fanaye
** WCCFORMAT=2
** WCCYEARNR= 2003
*
* COMMENT - START
*   Filename: SEN3001.003
*   Source file: SEN_HUBHIST_Fanaye.xlsx; sheet: GYGAReady_public_propagation
*   Source file contains station data (black) and propagated data (red).
*   When station data are available these are filled in in the current file.
*   When station data are not available the method uses NASA data from the POWER database.
*   Tmin, Tmax and Tdew from the POWER database are corrected for bias based on empirical regression between POWER data and available station data.
* COMMENT - END
*---------------------------------------------------------*
-14.80  16.53  11  0  0
3001 2003 001 16100 15.4 31.7 0.66 2.3 0
3001 2003 002 14500 14.8 32.6 0.69 2.3 0
3001 2003 003 15300 14.5 33.1 0.7 2.3 0
3001 2003 004 16200 13.4 33.6 0.69 2.3 0
3001 2003 005 16600 12.6 32.9 0.56 2.3 0
3001 2003 006 16500 12.7 32.0 0.63 2.3 0
3001 2003 007 17300 12.7 32.1 0.69 2.3 0
3001 2003 008 16900 13.1 31.6 1.13 2.3 0
3001 2003 009 16400 13.1 30.6 1.28 2.3 0
3001 2003 010 14000 14.1 28.8 1.28 2.3 0
3001 2003 011 15300 13.8 29.0 1.27 2.3 0
3001 2003 012 14100 13.3 29.4 1.14 2.3 0
3001 2003 013 17000 13.4 30.6 0.88 2.3 0
3001 2003 014 19100 13.8 32.1 0.85 2.3 0
3001 2003 015 17200 14.7 31.0 0.94 2.3 0
3001 2003 016 17000 13.9 30.3 0.97 2.3 0
3001 2003 017 16300 16.4 31.0 1.24 2.3 0
3001 2003 018 17500 15.1 30.9 1.73 2.3 0
3001 2003 019 16100 18.1 32.4 1.48 2.3 0
3001 2003 020 17700 18.3 34.0 1.33 2.3 0
3001 2003 021 16400 19.3 32.9 1.28 2.3 0
3001 2003 022 16800 17.3 32.8 1.13 2.3 0
3001 2003 023 17400 15.4 33.5 1.03 2.3 0
3001 2003 024 19300 15.9 34.7 1.07 2.3 0
3001 2003 025 18000 18.6 35.4 1.03 2.3 0
3001 2003 026 18700 19.6 30.6 0.63 2.3 0
3001 2003 027 12900 16.7 29.7 0.56 2.3 0
3001 2003 028 18500 14.7 30.3 0.5 2.3 0
3001 2003 029 19100 14.2 30.2 0.61 2.3 0
3001 2003 030 18900 14.3 31.4 0.73 2.3 0
3001 2003 031 19300 13.6 30.9 0.77 2.3 0
3001 2003 032 18500 13.2 31.8 0.96 2.3 0
3001 2003 033 17500 14.4 34.1 0.97 2.3 0
3001 2003 034 21100 16.5 36.2 0.8 2.3 0
3001 2003 035 19300 19.1 35.9 0.82 2.3 0
3001 2003 036 19600 18.0 35.1 0.88 2.3 0
3001 2003 037 20100 17.3 36.7 0.93 2.3 0
3001 2003 038 17300 17.3 36.2 1.03 2.3 0
3001 2003 039 17300 17.4 35.2 1.04 2.3 0
3001 2003 040 14700 18.6 34.2 1.22 2.3 0
3001 2003 041 14200 18.6 31.7 1.17 2.3 0
3001 2003 042 3700 18.9 33.7 1.2 2.3 0
3001 2003 043 12000 19.5 35.1 1.49 2.3 0
3001 2003 044 9600 20.5 32.8 1.36 2.3 0
3001 2003 045 17800 20.1 31.6 1.13 2.3 0
3001 2003 046 21100 15.3 31.1 0.94 2.3 0
3001 2003 047 21500 15.4 31.8 0.71 2.3 0
3001 2003 048 21200 14.9 31.5 0.76 2.3 0
3001 2003 049 21000 13.9 31.6 0.77 2.3 0
3001 2003 050 20200 13.9 31.9 0.74 2.3 0
3001 2003 051 21500 12.6 33.7 0.72 2.3 0
3001 2003 052 20500 12.7 33.6 0.84 2.3 0
3001 2003 053 21500 13.0 34.5 0.79 2.3 0
3001 2003 054 19600 15.1 35.2 0.79 2.3 0
3001 2003 055 14400 17.2 33.2 1.24 2.3 0
3001 2003 056 20800 16.4 32.7 1.33 2.3 0
3001 2003 057 20200 15.6 33.8 1.07 2.3 0
3001 2003 058 20200 14.8 34.1 0.97 2.3 0
3001 2003 059 22500 17.2 35.3 1.38 2.3 0
3001 2003 060 20400 18.2 36.9 1.21 2.3 0
3001 2003 061 21600 21.1 35.8 0.8 2.3 0
3001 2003 062 23600 18.1 35.4 0.75 2.3 0
3001 2003 063 23900 17.4 36.0 0.71 2.3 0
3001 2003 064 20300 17.6 36.5 0.78 2.3 0
3001 2003 065 21800 16.4 35.8 0.62 2.3 0
3001 2003 066 22600 16.0 37.5 0.81 2.3 0
3001 2003 067 22300 18.7 38.4 0.69 2.3 0
3001 2003 068 20800 19.4 38.6 0.61 2.3 0
3001 2003 069 20500 18.8 36.9 0.69 2.3 0
3001 2003 070 25300 15.4 36.5 0.7 2.3 0
3001 2003 071 23800 16.5 37.7 0.63 2.3 0
3001 2003 072 22800 17.7 37.3 0.98 2.3 0
3001 2003 073 22700 17.6 37.9 1.13 2.3 0
3001 2003 074 22700 19.5 39.6 1.11 2.3 0
3001 2003 075 23000 18.9 38.9 1.02 2.3 0
3001 2003 076 23900 21.2 37.8 1.66 2.3 0
3001 2003 077 23200 21.7 38.3 1.24 2.3 0
3001 2003 078 24900 20.9 38.7 1.1 2.3 0
3001 2003 079 23600 20.1 37.2 1.16 2.3 0
3001 2003 080 24900 17.3 34.0 1.24 2.3 0
3001 2003 081 26100 17.2 32.1 1.02 2.3 0
3001 2003 082 25100 14.3 33.3 0.97 2.3 0
3001 2003 083 24200 15.5 35.1 0.79 2.3 0
3001 2003 084 25400 15.7 36.6 0.75 2.3 0
3001 2003 085 24000 16.7 37.3 0.77 2.3 0
3001 2003 086 24100 17.7 37.9 0.81 2.3 0
3001 2003 087 24200 18.8 38.9 0.96 2.3 0
3001 2003 088 23900 19.0 39.1 1.02 2.3 0
3001 2003 089 23700 20.8 38.1 1.39 2.3 0
3001 2003 090 24000 19.8 38.0 0.75 2.3 0
3001 2003 091 24700 19.9 40.3 0.73 2.3 0
3001 2003 092 25700 21.0 39.2 0.99 2.3 0
3001 2003 093 26100 20.0 38.1 1.08 2.3 0
3001 2003 094 26000 19.8 35.8 1.26 2.3 0
3001 2003 095 26100 17.7 34.6 1.22 2.3 0
3001 2003 096 23600 17.2 34.9 1.36 2.3 0
3001 2003 097 20700 18.9 33.6 1.41 2.3 0
3001 2003 098 25300 17.4 32.1 1.46 2.3 0
3001 2003 099 22900 17.8 33.6 1.51 2.3 0
3001 2003 100 24000 18.5 34.9 1.2 2.3 0
3001 2003 101 23800 20.0 37.9 1.02 2.3 0
3001 2003 102 23600 21.9 39.5 1.05 2.3 0
3001 2003 103 24600 22.1 38.8 0.72 2.3 0
3001 2003 104 24900 22.7 36.7 1.13 2.3 0
3001 2003 105 25800 19.5 34.9 0.96 2.3 0
3001 2003 106 26700 18.1 35.7 0.94 2.3 0
3001 2003 107 27300 18.6 36.7 1.04 2.3 0
3001 2003 108 25000 19.8 37.8 1.07 2.3 0
3001 2003 109 26000 23.4 39.0 1.16 2.3 0
3001 2003 110 23800 24.2 38.0 1.24 2.3 0
3001 2003 111 24200 22.8 39.2 1.38 2.3 0
3001 2003 112 24200 23.2 39.1 1.27 2.3 0
3001 2003 113 23700 24.5 39.4 1.4 2.3 0
3001 2003 114 23700 23.4 40.7 1.48 2.3 0
3001 2003 115 23800 24.4 41.7 1.26 2.3 0
3001 2003 116 24700 27.0 42.9 1.13 2.3 0
3001 2003 117 24200 23.4 42.8 0.78 2.3 0
3001 2003 118 26800 23.4 42.4 0.65 2.3 0
3001 2003 119 25700 22.9 41.8 0.81 2.3 0
3001 2003 120 23900 22.2 41.8 1.16 2.3 0
3001 2003 121 27000 24.2 42.5 1.09 2.3 0
3001 2003 122 25800 23.6 41.8 1.16 2.3 0
3001 2003 123 26200 23.5 41.7 1.28 2.3 0
3001 2003 124 26800 25.8 42.5 1.2 2.3 0
3001 2003 125 25600 26.5 42.0 1.2 2.3 0
3001 2003 126 25600 25.8 40.5 1.23 2.3 0
3001 2003 127 27800 24.8 40.7 1.11 2.3 0
3001 2003 128 27300 22.3 41.0 0.96 2.3 0
3001 2003 129 26900 23.5 41.5 0.92 2.3 0
3001 2003 130 27400 22.7 40.3 1 2.3 0
3001 2003 131 26500 22.0 41.1 1.3 2.3 0
3001 2003 132 26500 24.9 41.6 1.09 2.3 0
3001 2003 133 25900 24.2 40.7 1.32 2.3 0
3001 2003 134 25900 24.9 40.7 1.16 2.3 0
3001 2003 135 25600 24.5 39.9 1.2 2.3 0
3001 2003 136 25500 24.1 39.9 1.05 2.3 0
3001 2003 137 25700 23.6 40.0 1.35 2.3 0
3001 2003 138 25300 24.1 39.2 1.67 2.3 0
3001 2003 139 25200 23.8 41.2 1.61 2.3 0
3001 2003 140 22800 25.1 43.3 1.59 2.3 0
3001 2003 141 24600 27.1 43.2 1.28 2.3 0
3001 2003 142 18400 25.1 41.5 1.04 2.3 0
3001 2003 143 26000 24.4 41.1 1.28 2.3 0
3001 2003 144 25700 22.8 41.3 1.23 2.3 0
3001 2003 145 27800 22.2 40.6 1.13 2.3 0
3001 2003 146 26800 21.5 39.9 1.24 2.3 0
3001 2003 147 26400 22.6 38.6 1.39 2.3 0
3001 2003 148 26000 20.6 35.8 1.53 2.3 0
3001 2003 149 26400 19.7 35.1 1.63 2.3 0
3001 2003 150 25700 19.1 36.7 1.48 2.3 0
3001 2003 151 25900 21.3 39.1 1.45 2.3 0
3001 2003 152 26100 22.9 39.6 1.34 2.3 0
3001 2003 153 26400 24.5 40.3 1.47 2.3 0
3001 2003 154 27500 23.7 40.7 1.45 2.3 0
3001 2003 155 27200 24.7 41.2 1.46 2.3 0
3001 2003 156 27200 23.5 41.0 1.47 2.3 0
3001 2003 157 26200 24.2 40.7 1.5 2.3 0
3001 2003 158 26700 24.2 41.0 1.46 2.3 0
3001 2003 159 26200 25.1 42.2 1.67 2.3 0
3001 2003 160 26500 24.6 41.1 1.62 2.3 0
3001 2003 161 27800 24.4 41.4 1.31 2.3 0
3001 2003 162 27700 23.9 38.3 1.74 2.3 0
3001 2003 163 27300 21.0 36.2 1.71 2.3 0
3001 2003 164 26200 22.0 39.3 1.41 2.3 0
3001 2003 165 17800 25.8 40.5 1.56 2.3 0
3001 2003 166 24600 24.7 40.8 1.99 2.3 0
3001 2003 167 26200 22.7 41.6 2.15 2.3 0
3001 2003 168 27000 21.6 39.6 2.33 2.3 0
3001 2003 169 26400 23.0 40.8 2.09 2.3 0
3001 2003 170 26900 23.9 41.2 1.82 2.3 0
3001 2003 171 27300 26.2 43.0 1.28 2.3 0
3001 2003 172 27000 25.8 42.9 1.47 2.3 0
3001 2003 173 27400 23.5 37.3 2.26 2.3 0
3001 2003 174 26600 22.0 37.0 2.46 2.3 0
3001 2003 175 25700 22.6 38.4 2.34 2.3 0
3001 2003 176 26100 22.3 37.9 2.4 2.3 0
3001 2003 177 27300 21.2 39.2 2.38 2.3 0
3001 2003 178 26500 23.4 37.6 2.52 2.3 0
3001 2003 179 19900 24.6 33.4 3.02 2.3 15
3001 2003 180 25400 22.6 32.8 3.23 2.3 0
3001 2003 181 20900 23.6 34.7 3.21 2.3 0
3001 2003 182 25700 23.1 35.5 3.39 2.3 0
3001 2003 183 26200 21.7 38.4 2.63 2.3 0
3001 2003 184 25400 22.0 36.7 2.68 2.3 0
3001 2003 185 23200 23.4 38.7 2.4 2.3 0
3001 2003 186 25200 23.4 41.0 2.08 2.3 0
3001 2003 187 26200 23.2 39.3 2.28 2.3 0
3001 2003 188 22500 24.6 37.1 2.33 2.3 0
3001 2003 189 27400 24.0 38.3 2.52 2.3 0
3001 2003 190 25600 22.7 37.2 2.6 2.3 0
3001 2003 191 18800 23.0 36.0 2.6 2.3 0
3001 2003 192 23800 23.7 35.6 2.71 2.3 0
3001 2003 193 25300 24.2 36.5 3.14 2.3 0
3001 2003 194 26400 22.9 36.9 2.97 2.3 0
3001 2003 195 23400 25.5 36.7 2.83 2.3 0
3001 2003 196 25200 25.9 35.0 3.02 2.3 0
3001 2003 197 20800 24.8 33.6 3.04 2.3 0
3001 2003 198 24800 24.2 33.9 2.99 2.3 2
3001 2003 199 19000 26.2 36.5 2.73 2.3 0
3001 2003 200 24200 26.0 38.4 2.43 2.3 0
3001 2003 201 20600 24.9 37.9 2.85 2.3 0
3001 2003 202 23800 21.4 33.3 3.39 2.3 0
3001 2003 203 25200 22.3 32.9 3.33 2.3 0
3001 2003 204 26100 23.0 35.5 2.93 2.3 0
3001 2003 205 24600 23.3 39.2 2.65 2.3 0
3001 2003 206 21500 25.3 35.9 2.63 2.3 0
3001 2003 207 22000 24.6 35.4 2.49 2.3 32
3001 2003 208 22600 24.4 35.7 2.9 2.3 1
3001 2003 209 25800 25.1 38.9 2.51 2.3 3
3001 2003 210 26300 24.0 39.7 2.08 2.3 0
3001 2003 211 26500 24.6 39.4 2.43 2.3 0
3001 2003 212 23700 23.4 36.2 2.86 2.3 0
3001 2003 213 24900 23.9 36.7 2.73 2.3 0
3001 2003 214 25200 25.1 36.7 2.51 2.3 0
3001 2003 215 25200 24.3 35.8 2.43 2.3 0
3001 2003 216 25000 24.5 37.3 2.49 2.3 0
3001 2003 217 25600 24.5 36.6 2.6 2.3 0
3001 2003 218 17100 24.5 35.6 2.68 2.3 0
3001 2003 219 25600 24.5 38.0 2.43 2.3 0
3001 2003 220 16800 25.5 35.4 2.95 2.3 0
3001 2003 221 16700 23.9 34.3 3.47 2.3 1
3001 2003 222 18700 22.3 33.4 3.53 2.3 5
3001 2003 223 14200 22.1 34.1 3.1 2.3 1
3001 2003 224 24200 23.4 33.5 2.52 2.3 1
3001 2003 225 13400 26.1 35.8 2.71 2.3 13
3001 2003 226 26000 25.1 36.7 2.86 2.3 0
3001 2003 227 24600 25.2 34.8 3.06 2.3 17
3001 2003 228 10600 21.3 35.2 3.29 2.3 22
3001 2003 229 24200 21.8 33.2 3.49 2.3 0
3001 2003 230 13300 24.4 35.5 3.04 2.3 2
3001 2003 231 22500 24.2 35.8 2.97 2.3 0
3001 2003 232 22900 23.8 35.4 3.25 2.3 0
3001 2003 233 24200 23.4 38.1 2.78 2.3 0
3001 2003 234 17900 22.2 38.0 2.8 2.3 44
3001 2003 235 23900 24.9 36.4 2.66 2.3 0
3001 2003 236 23600 23.8 32.5 3.43 2.3 0
3001 2003 237 17200 21.5 34.4 3.31 2.3 1
3001 2003 238 23400 22.8 34.9 3.06 2.3 0
3001 2003 239 21000 23.9 33.6 3.31 2.3 0
3001 2003 240 25000 21.9 37.3 2.86 2.3 0
3001 2003 241 24900 22.7 38.1 1.94 2.3 0
3001 2003 242 24200 25.3 36.5 2.46 2.3 0
3001 2003 243 15200 25.0 35.1 3.12 2.3 19
3001 2003 244 24700 22.8 36.4 3.25 2.3 0
3001 2003 245 25000 23.2 36.4 2.97 2.3 0
3001 2003 246 20900 23.1 34.7 3.15 2.3 4
3001 2003 247 12900 22.1 34.5 3.06 2.3 12
3001 2003 248 21700 24.3 35.1 2.93 2.3 0
3001 2003 249 22600 23.4 35.5 3.02 2.3 0
3001 2003 250 20600 24.3 37.5 2.66 2.3 4
3001 2003 251 9000 24.7 35.8 2.81 2.3 10
3001 2003 252 19400 23.1 33.1 3.21 2.3 0
3001 2003 253 21800 23.8 33.8 3.29 2.3 0
3001 2003 254 22400 22.7 36.3 3.1 2.3 0
3001 2003 255 23800 23.6 39.5 2.6 2.3 0
3001 2003 256 23800 22.7 35.3 3.21 2.3 1
3001 2003 257 23500 21.8 31.0 3.55 2.3 0
3001 2003 258 24700 20.5 36.0 2.97 2.3 0
3001 2003 259 21500 22.2 36.3 2.81 2.3 7
3001 2003 260 15500 24.1 33.8 3.06 2.3 9
3001 2003 261 19900 23.4 33.2 3.17 2.3 0
3001 2003 262 22900 22.8 36.9 2.86 2.3 0
3001 2003 263 24100 25.5 41.1 2.13 2.3 0
3001 2003 264 23700 24.2 40.1 1.96 2.3 22
3001 2003 265 19300 25.4 39.2 2.15 2.3 13
3001 2003 266 17100 24.7 36.8 2.97 2.3 44
3001 2003 267 18800 22.6 35.3 3.29 2.3 30
3001 2003 268 23800 22.9 40.4 2.13 2.3 0
3001 2003 269 23800 23.7 39.7 1.66 2.3 0
3001 2003 270 22500 26.0 38.5 1.66 2.3 0
3001 2003 271 24000 26.3 40.8 1.77 2.3 0
3001 2003 272 23400 24.5 40.6 1.85 2.3 0
3001 2003 273 22500 25.1 38.7 2.05 2.3 0
3001 2003 274 6700 25.1 35.4 2.9 2.3 24
3001 2003 275 16200 24.2 33.4 3.29 2.3 0
3001 2003 276 21300 22.9 41.6 2.21 2.3 0
3001 2003 277 20200 21.6 40.0 1.89 2.3 0
3001 2003 278 19400 25.4 37.8 2.34 2.3 0
3001 2003 279 15700 25.5 36.4 2.6 2.3 6
3001 2003 280 20300 25.4 38.8 2.33 2.3 0
3001 2003 281 19000 24.7 38.8 2.11 2.3 1
3001 2003 282 16400 25.4 40.0 2.15 2.3 1
3001 2003 283 18100 25.2 40.3 1.87 2.3 0
3001 2003 284 18700 24.1 40.7 1.54 2.3 0
3001 2003 285 20100 23.2 40.3 1.76 2.3 0
3001 2003 286 18300 23.9 39.6 1.75 2.3 0
3001 2003 287 17100 23.6 39.9 1.54 2.3 0
3001 2003 288 17700 22.6 40.5 1.38 2.3 0
3001 2003 289 18500 21.8 39.8 1.52 2.3 0
3001 2003 290 18000 22.4 38.4 1.57 2.3 0
3001 2003 291 18900 24.9 38.2 1.84 2.3 0
3001 2003 292 18400 25.7 38.9 1.87 2.3 0
3001 2003 293 11500 24.9 37.4 2.2 2.3 0
3001 2003 294 7500 25.3 36.4 2.58 2.3 15
3001 2003 295 5100 22.8 31.2 3.29 2.3 15
3001 2003 296 22300 21.9 30.1 3.55 2.3 0
3001 2003 297 17600 20.9 34.8 2.88 2.3 0
3001 2003 298 15200 22.0 37.0 2.12 2.3 0
3001 2003 299 18600 22.2 37.5 1.91 2.3 0
3001 2003 300 18000 24.3 39.1 1.75 2.3 0
3001 2003 301 16300 24.3 38.8 1.7 2.3 0
3001 2003 302 16500 24.6 40.3 1.57 2.3 0
3001 2003 303 16900 24.1 38.8 1.73 2.3 0
3001 2003 304 16000 24.9 37.7 1.6 2.3 0
3001 2003 305 21100 23.5 35.2 1.66 2.3 0
3001 2003 306 19500 22.2 36.8 1.5 2.3 0
3001 2003 307 21000 22.5 38.4 1.61 2.3 0
3001 2003 308 21900 24.3 38.8 1.81 2.3 0
3001 2003 309 17300 24.3 39.2 1.24 2.3 0
3001 2003 310 17300 22.8 38.2 1 2.3 0
3001 2003 311 17600 20.5 37.5 1 2.3 0
3001 2003 312 18300 20.8 37.5 1.24 2.3 0
3001 2003 313 18200 23.6 35.6 1.38 2.3 0
3001 2003 314 18600 23.4 35.5 1.73 2.3 0
3001 2003 315 16800 23.6 37.2 1.61 2.3 0
3001 2003 316 15200 21.9 36.1 1.48 2.3 1
3001 2003 317 16600 22.0 35.1 1.27 2.3 0
3001 2003 318 16100 19.9 34.5 1.07 2.3 0
3001 2003 319 16400 18.3 34.7 0.97 2.3 0
3001 2003 320 16700 17.8 34.4 1.02 2.3 0
3001 2003 321 16700 18.3 33.8 1.1 2.3 0
3001 2003 322 16100 17.8 34.3 1.32 2.3 0
3001 2003 323 16500 19.6 34.5 1.36 2.3 1
3001 2003 324 10800 21.0 35.9 1.43 2.3 7
3001 2003 325 15900 21.7 35.8 1.52 2.3 0
3001 2003 326 16900 20.4 35.3 1.24 2.3 0
3001 2003 327 14100 20.2 34.6 1.18 2.3 3
3001 2003 328 19100 19.4 35.0 1.53 2.3 0
3001 2003 329 18300 20.9 34.0 1.71 2.3 0
3001 2003 330 14700 20.3 34.0 1.71 2.3 0
3001 2003 331 14400 20.5 34.6 1.63 2.3 0
3001 2003 332 17200 21.2 34.7 1.6 2.3 0
3001 2003 333 13800 21.0 36.7 1.48 2.3 0
3001 2003 334 14900 23.4 35.9 1.49 2.3 0
3001 2003 335 16300 20.7 35.4 1.51 2.3 0
3001 2003 336 15400 18.5 33.3 1.2 2.3 0
3001 2003 337 15900 16.5 31.4 1.12 2.3 0
3001 2003 338 16300 14.9 32.1 1.1 2.3 0
3001 2003 339 15400 18.6 32.2 1.06 2.3 0
3001 2003 340 7200 21.9 33.0 1.4 2.3 0
3001 2003 341 9000 22.2 36.1 1.73 2.3 0
3001 2003 342 17200 23.2 36.5 1.42 2.3 0
3001 2003 343 15100 20.7 36.8 1.36 2.3 0
3001 2003 344 15900 19.9 36.1 1.61 2.3 0
3001 2003 345 16100 20.5 34.1 1.45 2.3 0
3001 2003 346 15300 18.4 32.8 1.36 2.3 0
3001 2003 347 15600 17.5 32.2 1.16 2.3 0
3001 2003 348 15700 16.5 32.0 0.92 2.3 0
3001 2003 349 15000 16.6 31.6 0.79 2.3 0
3001 2003 350 15400 14.9 32.6 0.97 2.3 0
3001 2003 351 13200 15.2 33.2 0.88 2.3 0
3001 2003 352 15600 15.6 33.5 0.84 2.3 0
3001 2003 353 14900 15.1 33.6 0.85 2.3 0
3001 2003 354 15100 16.1 34.0 0.88 2.3 0
3001 2003 355 13000 16.5 34.2 0.95 2.3 0
3001 2003 356 10700 17.2 33.9 1.07 2.3 0
3001 2003 357 14500 17.6 34.0 0.87 2.3 0
3001 2003 358 11800 16.7 34.2 0.68 2.3 0
3001 2003 359 14900 17.3 33.7 0.79 2.3 0
3001 2003 360 15000 17.3 32.0 0.66 2.3 0
3001 2003 361 15000 15.8 30.2 0.54 2.3 0
3001 2003 362 11800 14.0 30.9 0.56 2.3 0
3001 2003 363 14600 12.8 31.4 0.74 2.3 0
3001 2003 364 15000 14.8 32.5 0.84 2.3 0
3001 2003 365 16100 15.3 33.8 0.76 2.3 0
