*---------------------------------------------------------*
*   Country: Senegal
*   Station: SEN_HUB_fanaye
*   Station #: 3001
*   Year: 1984
*   Source: AfricaRice; historical observed data (1991-1999,2006-2011, 2013,2014)
*   Author: Pepijn van Oort (AfricaRice). Original Script by Justin van Wart (University Nebraska)
*   Longitude: -14.80 (decimal degrees East)
*   Latitude: 16.53 (decimal degrees North)
*   Elevation: 11 m.
*
*  Columns:
*  ========
*  1 station number
*  2 year
*  3 day
*  4 irradiation (kJ m-2 d-1)
*  5 minimum temperature (degrees Celsius)
*  6 maximum temperature (degrees Celsius)
*  7 actual vapour pressure (kPa)   
*  8 mean wind speed (m s-1)
*  9 precipitation (mm d-1)
*
** WCCDESCRIPTION=Senegal, SEN_HUB_fanaye
** WCCFORMAT=2
** WCCYEARNR= 1984
*
* COMMENT - START
*   Filename: SEN3001.984
*   Source file: SEN_HUBHIST_Fanaye.xlsx; sheet: GYGAReady_public_propagation
*   Source file contains station data (black) and propagated data (red).
*   When station data are available these are filled in in the current file.
*   When station data are not available the method uses NASA data from the POWER database.
*   Tmin, Tmax and Tdew from the POWER database are corrected for bias based on empirical regression between POWER data and available station data.
* COMMENT - END
*---------------------------------------------------------*
-14.80  16.53  11  0  0
3001 1984 001 17500 12.3 28.8 0.99 2.3 -99
3001 1984 002 15300 11.4 31.4 1.01 2.3 -99
3001 1984 003 14700 14.4 34.1 0.95 2.3 -99
3001 1984 004 16700 17.4 34.6 1.1 2.3 -99
3001 1984 005 17300 18.3 32.5 1.1 2.3 -99
3001 1984 006 17900 16.1 31.3 1.13 2.3 -99
3001 1984 007 16000 14.0 28.3 0.8 2.3 -99
3001 1984 008 17300 12.2 27.2 0.74 2.3 -99
3001 1984 009 15600 9.2 27.6 0.69 2.3 -99
3001 1984 010 16600 9.4 29.0 0.63 2.3 -99
3001 1984 011 15100 12.1 30.4 0.97 2.3 -99
3001 1984 012 19100 14.9 29.7 1.31 2.3 -99
3001 1984 013 18000 16.4 31.5 0.9 2.3 -99
3001 1984 014 17500 15.8 32.0 0.87 2.3 -99
3001 1984 015 19700 14.9 33.3 0.87 2.3 -99
3001 1984 016 19700 16.5 34.4 1.08 2.3 -99
3001 1984 017 17500 16.2 33.0 1.1 2.3 -99
3001 1984 018 16700 16.0 33.6 0.9 2.3 -99
3001 1984 019 16200 15.7 32.1 0.92 2.3 -99
3001 1984 020 19300 15.2 31.4 0.92 2.3 -99
3001 1984 021 19400 15.4 32.5 1.02 2.3 -99
3001 1984 022 14300 17.7 33.9 1.11 2.3 -99
3001 1984 023 8600 19.8 33.6 1.22 2.3 -99
3001 1984 024 12400 20.0 33.8 1.16 2.3 -99
3001 1984 025 18100 18.5 34.0 0.8 2.3 -99
3001 1984 026 20800 16.3 34.7 0.97 2.3 -99
3001 1984 027 20900 18.0 35.1 1.2 2.3 -99
3001 1984 028 18400 16.4 33.6 1.18 2.3 -99
3001 1984 029 16300 15.0 29.9 1.13 2.3 -99
3001 1984 030 19000 12.7 30.3 1.11 2.3 -99
3001 1984 031 18400 14.0 30.5 1.09 2.3 -99
3001 1984 032 20400 13.8 30.1 1.18 2.3 -99
3001 1984 033 19300 14.2 30.5 1.06 2.3 -99
3001 1984 034 21000 13.7 30.5 0.98 2.3 -99
3001 1984 035 17600 14.5 31.5 1.15 2.3 -99
3001 1984 036 18800 15.4 30.9 0.65 2.3 -99
3001 1984 037 19500 13.6 30.9 0.65 2.3 -99
3001 1984 038 20300 14.3 31.8 0.96 2.3 -99
3001 1984 039 18700 15.7 31.8 1.07 2.3 -99
3001 1984 040 19100 14.6 31.2 1.04 2.3 -99
3001 1984 041 21600 13.4 31.7 1 2.3 -99
3001 1984 042 23200 13.3 33.0 0.84 2.3 -99
3001 1984 043 21900 13.9 34.1 0.84 2.3 -99
3001 1984 044 24600 15.1 33.6 0.76 2.3 -99
3001 1984 045 21900 13.6 32.5 0.61 2.3 -99
3001 1984 046 21300 12.9 33.2 0.56 2.3 -99
3001 1984 047 22000 13.1 33.6 0.56 2.3 -99
3001 1984 048 21700 13.9 34.4 0.55 2.3 -99
3001 1984 049 21900 13.9 34.0 0.49 2.3 -99
3001 1984 050 22800 15.8 35.3 0.52 2.3 -99
3001 1984 051 24400 14.8 35.9 0.52 2.3 -99
3001 1984 052 24200 15.2 36.9 0.54 2.3 -99
3001 1984 053 24300 15.8 37.1 0.57 2.3 -99
3001 1984 054 22600 16.2 36.9 0.52 2.3 -99
3001 1984 055 23800 16.7 36.2 0.59 2.3 -99
3001 1984 056 24000 14.5 36.1 0.56 2.3 -99
3001 1984 057 23500 14.6 36.4 0.69 2.3 -99
3001 1984 058 18100 15.2 36.7 0.75 2.3 -99
3001 1984 059 20900 16.6 35.1 1.25 2.3 -99
3001 1984 060 18900 15.2 33.6 1.46 2.3 -99
3001 1984 061 22400 15.2 34.6 1.39 2.3 -99
3001 1984 062 22600 17.7 37.7 1.38 2.3 -99
3001 1984 063 22900 16.1 35.9 1.6 2.3 -99
3001 1984 064 17900 18.7 37.7 1.47 2.3 -99
3001 1984 065 22200 19.5 36.7 1.49 2.3 -99
3001 1984 066 22600 17.5 35.6 1.48 2.3 -99
3001 1984 067 22500 18.6 34.7 1.45 2.3 -99
3001 1984 068 24900 17.6 35.7 1.38 2.3 -99
3001 1984 069 20900 16.5 35.2 1.24 2.3 -99
3001 1984 070 22100 16.7 31.9 1.85 2.3 -99
3001 1984 071 23500 15.0 31.7 1.72 2.3 -99
3001 1984 072 22800 16.4 32.3 1.67 2.3 -99
3001 1984 073 24400 16.1 33.4 1.63 2.3 -99
3001 1984 074 22200 19.4 34.7 1.41 2.3 -99
3001 1984 075 22800 18.6 34.6 1.19 2.3 -99
3001 1984 076 25400 17.3 35.1 1.04 2.3 -99
3001 1984 077 23000 17.3 35.8 1.16 2.3 -99
3001 1984 078 23700 17.5 36.0 1.54 2.3 -99
3001 1984 079 24200 16.2 34.4 1.5 2.3 -99
3001 1984 080 10900 18.8 34.4 1.53 2.3 -99
3001 1984 081 22700 17.2 32.2 1.5 2.3 -99
3001 1984 082 24200 15.7 31.4 1.27 2.3 -99
3001 1984 083 23300 15.9 33.3 0.97 2.3 -99
3001 1984 084 24300 16.3 34.6 0.75 2.3 -99
3001 1984 085 25500 16.4 36.7 0.73 2.3 -99
3001 1984 086 24400 17.4 37.4 0.74 2.3 -99
3001 1984 087 25500 18.4 37.0 0.97 2.3 -99
3001 1984 088 26100 18.4 38.4 1.1 2.3 -99
3001 1984 089 26500 18.5 39.8 0.93 2.3 -99
3001 1984 090 25700 20.1 40.7 0.89 2.3 -99
3001 1984 091 24700 18.5 40.0 0.87 2.3 -99
3001 1984 092 25500 19.5 41.0 0.72 2.3 -99
3001 1984 093 24300 20.6 39.8 0.56 2.3 -99
3001 1984 094 23300 17.4 38.0 0.97 2.3 -99
3001 1984 095 26600 18.2 38.7 1.1 2.3 -99
3001 1984 096 27300 19.0 39.2 0.97 2.3 -99
3001 1984 097 27800 19.5 39.4 0.85 2.3 -99
3001 1984 098 27000 18.2 39.2 1.05 2.3 -99
3001 1984 099 25800 20.0 39.4 1.38 2.3 -99
3001 1984 100 26200 20.0 38.1 1.6 2.3 -99
3001 1984 101 27600 18.6 38.4 1.61 2.3 -99
3001 1984 102 27400 19.3 38.8 1.67 2.3 -99
3001 1984 103 27300 20.8 39.7 1.61 2.3 -99
3001 1984 104 26600 21.1 38.5 1.48 2.3 -99
3001 1984 105 27100 17.3 35.9 1.4 2.3 -99
3001 1984 106 26700 18.6 36.9 1.36 2.3 -99
3001 1984 107 26300 19.6 38.4 1.29 2.3 -99
3001 1984 108 26200 20.9 39.6 1.22 2.3 -99
3001 1984 109 27100 21.5 40.5 1.04 2.3 -99
3001 1984 110 25700 21.2 40.6 1.2 2.3 -99
3001 1984 111 26200 20.9 39.6 1.13 2.3 -99
3001 1984 112 26400 20.3 37.5 1.63 2.3 -99
3001 1984 113 26600 19.4 37.0 1.55 2.3 -99
3001 1984 114 26800 19.1 36.7 1.54 2.3 -99
3001 1984 115 27500 20.8 38.2 1.57 2.3 -99
3001 1984 116 27800 21.4 39.1 1.18 2.3 -99
3001 1984 117 27400 20.7 39.4 1.23 2.3 -99
3001 1984 118 27800 19.9 39.2 1.13 2.3 -99
3001 1984 119 26300 19.6 38.5 1.27 2.3 -99
3001 1984 120 25600 19.8 35.9 1.38 2.3 -99
3001 1984 121 26500 21.2 36.1 1.45 2.3 -99
3001 1984 122 26600 20.9 37.4 1.36 2.3 -99
3001 1984 123 24800 20.0 38.9 1.39 2.3 -99
3001 1984 124 26500 21.5 38.9 1.47 2.3 -99
3001 1984 125 25800 22.2 39.3 1.52 2.3 -99
3001 1984 126 26900 22.4 39.5 1.58 2.3 -99
3001 1984 127 23800 23.0 40.3 1.42 2.3 -99
3001 1984 128 25700 24.6 41.0 1.44 2.3 -99
3001 1984 129 22500 22.3 38.8 1.36 2.3 -99
3001 1984 130 26100 21.1 38.0 1.38 2.3 -99
3001 1984 131 28000 19.9 39.0 1.24 2.3 -99
3001 1984 132 24200 19.7 38.0 1.19 2.3 -99
3001 1984 133 25000 21.1 40.7 1.2 2.3 -99
3001 1984 134 25200 22.4 42.4 1.15 2.3 -99
3001 1984 135 25800 25.3 42.9 1.23 2.3 -99
3001 1984 136 25000 25.8 41.5 1.46 2.3 -99
3001 1984 137 24000 24.5 40.4 1.62 2.3 -99
3001 1984 138 26300 23.0 39.2 1.56 2.3 -99
3001 1984 139 25900 23.0 39.4 1.53 2.3 -99
3001 1984 140 26600 22.6 38.4 1.37 2.3 -99
3001 1984 141 27100 22.2 38.8 1.48 2.3 -99
3001 1984 142 28600 22.9 40.7 1.3 2.3 -99
3001 1984 143 27700 21.9 40.7 1.12 2.3 -99
3001 1984 144 26100 24.3 41.7 1.26 2.3 -99
3001 1984 145 19300 26.4 41.7 1.31 2.3 -99
3001 1984 146 27900 24.0 40.4 1.22 2.3 -99
3001 1984 147 16700 23.4 39.9 1.49 2.3 -99
3001 1984 148 26200 24.6 40.3 1.75 2.3 -99
3001 1984 149 23800 25.9 42.3 1.6 2.3 -99
3001 1984 150 26200 24.4 41.8 1.61 2.3 -99
3001 1984 151 27100 25.6 41.4 1.48 2.3 -99
3001 1984 152 27700 24.2 40.6 1.38 2.3 -99
3001 1984 153 26500 23.6 39.5 1.71 2.3 -99
3001 1984 154 23100 23.3 37.2 2.37 2.3 -99
3001 1984 155 24500 25.1 36.6 2.6 2.3 -99
3001 1984 156 26900 25.8 40.5 2.2 2.3 -99
3001 1984 157 26300 26.0 41.4 1.6 2.3 -99
3001 1984 158 29600 24.8 40.3 1.37 2.3 -99
3001 1984 159 28700 22.7 39.5 1.33 2.3 -99
3001 1984 160 28100 22.8 39.5 1.44 2.3 -99
3001 1984 161 25600 22.9 40.3 1.41 2.3 -99
3001 1984 162 28700 24.8 43.5 1.3 2.3 -99
3001 1984 163 28300 24.9 42.0 1.42 2.3 -99
3001 1984 164 27300 23.0 42.1 1.31 2.3 -99
3001 1984 165 26100 24.9 41.8 1.36 2.3 -99
3001 1984 166 23400 25.6 40.9 1.94 2.3 -99
3001 1984 167 24500 24.3 34.0 3.27 2.3 -99
3001 1984 168 26900 24.4 39.5 2.52 2.3 -99
3001 1984 169 27700 21.8 43.4 1.98 2.3 -99
3001 1984 170 27200 22.2 36.9 2.57 2.3 -99
3001 1984 171 26500 24.6 36.0 2.78 2.3 -99
3001 1984 172 26100 22.1 37.7 2.15 2.3 -99
3001 1984 173 28400 20.5 40.0 1.71 2.3 -99
3001 1984 174 27800 24.6 41.0 1.71 2.3 -99
3001 1984 175 26700 22.4 37.0 2.47 2.3 -99
3001 1984 176 25400 23.7 37.2 2.71 2.3 -99
3001 1984 177 27100 22.0 36.0 2.71 2.3 -99
3001 1984 178 26500 22.7 38.2 2.43 2.3 -99
3001 1984 179 25200 24.2 38.6 2.24 2.3 -99
3001 1984 180 25300 22.1 38.4 2.26 2.3 -99
3001 1984 181 24800 17.3 34.3 2.49 2.3 -99
3001 1984 182 26500 21.3 36.2 2.36 2.3 -99
3001 1984 183 28400 20.9 41.0 1.95 2.3 -99
3001 1984 184 28700 22.9 40.7 1.71 2.3 -99
3001 1984 185 27000 22.8 36.5 2.65 2.3 -99
3001 1984 186 25600 23.0 36.8 2.66 2.3 -99
3001 1984 187 27500 22.5 37.2 2.44 2.3 -99
3001 1984 188 28000 23.3 38.4 2.24 2.3 -99
3001 1984 189 27900 21.6 35.5 2.43 2.3 -99
3001 1984 190 21600 20.0 32.9 2.83 2.3 -99
3001 1984 191 25500 22.9 37.6 2.62 2.3 -99
3001 1984 192 26400 23.5 37.4 2.57 2.3 -99
3001 1984 193 28000 21.5 37.3 2.49 2.3 -99
3001 1984 194 29200 21.9 35.2 2.57 2.3 -99
3001 1984 195 14700 24.9 36.1 2.65 2.3 -99
3001 1984 196 22400 23.3 36.1 2.78 2.3 -99
3001 1984 197 26100 24.0 35.1 2.88 2.3 -99
3001 1984 198 24600 21.2 34.1 2.88 2.3 -99
3001 1984 199 27600 20.3 34.7 2.46 2.3 -99
3001 1984 200 26400 20.4 35.7 2.09 2.3 -99
3001 1984 201 27400 20.3 36.9 2.2 2.3 -99
3001 1984 202 22600 23.4 37.8 2.21 2.3 -99
3001 1984 203 27200 24.3 35.5 2.81 2.3 -99
3001 1984 204 26000 22.5 35.7 2.76 2.3 -99
3001 1984 205 26900 22.5 37.3 2.66 2.3 -99
3001 1984 206 25200 23.1 35.6 2.86 2.3 -99
3001 1984 207 27100 21.7 34.4 2.99 2.3 -99
3001 1984 208 19500 22.4 33.6 3.12 2.3 -99
3001 1984 209 25800 21.8 36.7 2.71 2.3 -99
3001 1984 210 26600 23.4 40.2 2.2 2.3 -99
3001 1984 211 26600 22.8 35.8 3.14 2.3 -99
3001 1984 212 13600 20.7 32.7 3.33 2.3 -99
3001 1984 213 25900 22.0 35.1 2.81 2.3 -99
3001 1984 214 23200 22.0 36.2 2.44 2.3 -99
3001 1984 215 26300 24.0 38.3 2.08 2.3 -99
3001 1984 216 26500 23.7 36.5 2.6 2.3 -99
3001 1984 217 28400 21.4 33.9 2.76 2.3 -99
3001 1984 218 27200 22.5 34.7 2.73 2.3 -99
3001 1984 219 27300 23.0 36.9 2.41 2.3 -99
3001 1984 220 26200 23.4 38.4 2.31 2.3 -99
3001 1984 221 26600 23.3 39.3 2.38 2.3 -99
3001 1984 222 27300 21.1 38.4 2.44 2.3 -99
3001 1984 223 27600 23.1 36.7 2.73 2.3 -99
3001 1984 224 27500 23.5 37.3 2.7 2.3 -99
3001 1984 225 27900 23.2 37.9 2.44 2.3 -99
3001 1984 226 26200 22.2 36.9 2.26 2.3 -99
3001 1984 227 24400 23.2 36.5 2.38 2.3 -99
3001 1984 228 28400 24.4 39.9 2.26 2.3 -99
3001 1984 229 27900 23.9 38.8 2.49 2.3 -99
3001 1984 230 21400 21.5 35.8 2.92 2.3 -99
3001 1984 231 23400 23.7 37.2 2.95 2.3 -99
3001 1984 232 26600 23.4 39.8 2.47 2.3 -99
3001 1984 233 22600 22.5 38.5 2.34 2.3 -99
3001 1984 234 24800 26.6 38.2 2.37 2.3 -99
3001 1984 235 25400 24.1 39.5 2.41 2.3 -99
3001 1984 236 27200 23.4 39.2 2.6 2.3 -99
3001 1984 237 27300 24.2 41.0 2.26 2.3 -99
3001 1984 238 22800 22.2 39.8 2.16 2.3 -99
3001 1984 239 20700 25.0 38.3 2.27 2.3 -99
3001 1984 240 26500 24.6 40.3 2.12 2.3 -99
3001 1984 241 26000 22.2 35.9 2.93 2.3 -99
3001 1984 242 27100 22.5 36.0 2.92 2.3 -99
3001 1984 243 26900 22.1 38.6 2.33 2.3 -99
3001 1984 244 26700 23.6 40.2 1.71 2.3 -99
3001 1984 245 25700 23.6 40.7 1.53 2.3 -99
3001 1984 246 26400 21.3 39.7 1.91 2.3 -99
3001 1984 247 25600 22.4 36.2 2.7 2.3 -99
3001 1984 248 22300 22.8 32.6 3.29 2.3 -99
3001 1984 249 23900 19.7 32.1 3.35 2.3 -99
3001 1984 250 26000 19.8 36.7 2.66 2.3 -99
3001 1984 251 27100 21.3 35.8 2.58 2.3 -99
3001 1984 252 21100 22.8 36.7 2.54 2.3 -99
3001 1984 253 22800 24.7 40.1 1.89 2.3 -99
3001 1984 254 24400 23.4 41.1 1.76 2.3 -99
3001 1984 255 25200 24.2 37.3 2.83 2.3 -99
3001 1984 256 22000 23.7 36.3 3.17 2.3 -99
3001 1984 257 23400 21.5 36.9 2.88 2.3 -99
3001 1984 258 23300 23.7 38.9 2.26 2.3 -99
3001 1984 259 20600 24.4 38.4 2.57 2.3 -99
3001 1984 260 19000 23.5 33.4 3.37 2.3 -99
3001 1984 261 24300 23.4 35.8 3.31 2.3 -99
3001 1984 262 23800 22.2 42.6 2.31 2.3 -99
3001 1984 263 21500 22.7 34.4 3.19 2.3 -99
3001 1984 264 12300 20.8 30.5 3.55 2.3 -99
3001 1984 265 20900 21.1 30.4 3.55 2.3 -99
3001 1984 266 22600 20.7 31.6 3.57 2.3 -99
3001 1984 267 21600 21.0 32.4 3.47 2.3 -99
3001 1984 268 21100 21.3 34.1 3.37 2.3 -99
3001 1984 269 24200 21.6 37.9 2.66 2.3 -99
3001 1984 270 24600 20.3 40.6 1.98 2.3 -99
3001 1984 271 24100 22.2 39.4 2.19 2.3 -99
3001 1984 272 22200 23.7 40.6 1.53 2.3 -99
3001 1984 273 24100 24.1 40.5 1.65 2.3 -99
3001 1984 274 18800 22.3 35.7 2.46 2.3 -99
3001 1984 275 22700 23.4 37.0 2.37 2.3 -99
3001 1984 276 22300 23.6 38.8 1.71 2.3 -99
3001 1984 277 21800 22.4 38.7 1.77 2.3 -99
3001 1984 278 21100 23.4 37.3 1.91 2.3 -99
3001 1984 279 10000 24.6 36.5 2.13 2.3 -99
3001 1984 280 19700 23.8 37.1 1.89 2.3 -99
3001 1984 281 20700 23.9 39.0 2.13 2.3 -99
3001 1984 282 22400 26.3 40.9 2.03 2.3 -99
3001 1984 283 19600 25.7 41.0 1.81 2.3 -99
3001 1984 284 20000 24.3 38.2 1.42 2.3 -99
3001 1984 285 20600 21.9 37.0 0.95 2.3 -99
3001 1984 286 23500 19.6 37.2 0.8 2.3 -99
3001 1984 287 23100 17.4 36.8 1.02 2.3 -99
3001 1984 288 19900 20.9 37.9 1.33 2.3 -99
3001 1984 289 21600 22.7 38.0 1.76 2.3 -99
3001 1984 290 19700 23.3 39.3 1.66 2.3 -99
3001 1984 291 21900 23.4 39.9 1.53 2.3 -99
3001 1984 292 22100 23.7 39.7 1.53 2.3 -99
3001 1984 293 22600 23.0 38.8 1.43 2.3 -99
3001 1984 294 21500 22.2 38.1 1.3 2.3 -99
3001 1984 295 22300 20.6 38.1 1.36 2.3 -99
3001 1984 296 23000 21.0 39.6 1.1 2.3 -99
3001 1984 297 19400 21.5 40.2 1.07 2.3 -99
3001 1984 298 18600 22.7 39.9 1.01 2.3 -99
3001 1984 299 21200 22.2 37.7 1.1 2.3 -99
3001 1984 300 20200 21.1 37.0 1.3 2.3 -99
3001 1984 301 20900 21.3 38.2 1.27 2.3 -99
3001 1984 302 19400 21.9 38.2 1.26 2.3 -99
3001 1984 303 13600 22.3 37.7 1.25 2.3 -99
3001 1984 304 16700 23.4 37.4 1.35 2.3 -99
3001 1984 305 14000 23.4 37.1 1.44 2.3 -99
3001 1984 306 12500 23.1 37.6 1.83 2.3 -99
3001 1984 307 12400 26.3 36.9 1.98 2.3 -99
3001 1984 308 12900 24.8 36.8 1.45 2.3 -99
3001 1984 309 12200 22.6 36.8 1.24 2.3 -99
3001 1984 310 20300 21.5 35.5 1.11 2.3 -99
3001 1984 311 19300 15.8 34.4 1.17 2.3 -99
3001 1984 312 20300 20.0 35.1 1.27 2.3 -99
3001 1984 313 18100 19.8 35.5 1.46 2.3 -99
3001 1984 314 18800 18.7 32.2 1.91 2.3 -99
3001 1984 315 17100 19.0 31.7 2.19 2.3 -99
3001 1984 316 20100 18.8 32.1 1.87 2.3 -99
3001 1984 317 20000 18.7 33.1 1.66 2.3 -99
3001 1984 318 20300 18.5 34.0 1.51 2.3 -99
3001 1984 319 17500 18.6 33.9 1.56 2.3 -99
3001 1984 320 19700 19.8 34.4 1.46 2.3 -99
3001 1984 321 19500 19.5 35.0 1.37 2.3 -99
3001 1984 322 18800 20.4 34.9 1.82 2.3 -99
3001 1984 323 19300 21.4 36.8 1.53 2.3 -99
3001 1984 324 19100 20.7 35.9 1.59 2.3 -99
3001 1984 325 19300 20.7 36.6 1.53 2.3 -99
3001 1984 326 19100 19.9 34.6 1.34 2.3 -99
3001 1984 327 18000 17.4 35.1 1.28 2.3 -99
3001 1984 328 16600 18.6 37.3 1.05 2.3 -99
3001 1984 329 17700 19.6 37.9 1.17 2.3 -99
3001 1984 330 18300 20.0 37.2 1.1 2.3 -99
3001 1984 331 18600 19.8 36.5 0.97 2.3 -99
3001 1984 332 17800 18.7 36.3 1.07 2.3 -99
3001 1984 333 17200 17.1 30.5 1.31 2.3 -99
3001 1984 334 18400 14.8 30.6 1.24 2.3 -99
3001 1984 335 17000 12.8 32.2 1.02 2.3 -99
3001 1984 336 14500 14.1 33.0 0.89 2.3 -99
3001 1984 337 17200 16.3 33.5 0.94 2.3 -99
3001 1984 338 15900 16.2 31.8 1.01 2.3 -99
3001 1984 339 15400 17.3 32.4 1.23 2.3 -99
3001 1984 340 15300 16.3 34.0 1.1 2.3 -99
3001 1984 341 18500 16.6 34.4 1 2.3 -99
3001 1984 342 17200 16.2 33.3 0.92 2.3 -99
3001 1984 343 17300 15.1 33.8 0.97 2.3 -99
3001 1984 344 18000 15.4 34.9 0.92 2.3 -99
3001 1984 345 12600 16.8 35.5 0.89 2.3 -99
3001 1984 346 8000 20.0 34.7 0.97 2.3 -99
3001 1984 347 8000 20.8 35.8 0.98 2.3 -99
3001 1984 348 17100 19.7 34.7 0.89 2.3 -99
3001 1984 349 15500 18.4 34.0 0.85 2.3 -99
3001 1984 350 15900 15.3 33.2 1.13 2.3 -99
3001 1984 351 17000 15.2 31.8 1.53 2.3 -99
3001 1984 352 17100 14.1 31.7 1.48 2.3 -99
3001 1984 353 16100 15.4 30.9 1.4 2.3 -99
3001 1984 354 16200 14.8 31.5 1.22 2.3 -99
3001 1984 355 16800 15.8 32.9 1 2.3 -99
3001 1984 356 16200 16.2 31.8 0.81 2.3 -99
3001 1984 357 16800 13.5 28.6 0.87 2.3 -99
3001 1984 358 16300 11.4 28.3 0.92 2.3 -99
3001 1984 359 16600 11.0 28.0 0.91 2.3 -99
3001 1984 360 16700 11.0 29.3 0.99 2.3 -99
3001 1984 361 14500 12.6 31.3 0.95 2.3 -99
3001 1984 362 12700 16.0 32.8 0.9 2.3 -99
3001 1984 363 7600 18.4 32.0 1.02 2.3 -99
3001 1984 364 7600 20.4 31.8 1.23 2.3 -99
3001 1984 365 14600 19.4 32.1 1.2 2.3 -99
3001 1984 366 16900 18.9 31.0 1.16 2.3 -99
