*---------------------------------------------------------*
*   Country: Senegal
*   Station: SEN_HUB_fanaye
*   Station #: 3001
*   Year: 2009
*   Source: AfricaRice; historical observed data (1991-1999,2006-2011, 2013,2014)
*   Author: Pepijn van Oort (AfricaRice). Original Script by Justin van Wart (University Nebraska)
*   Longitude: -14.80 (decimal degrees East)
*   Latitude: 16.53 (decimal degrees North)
*   Elevation: 11 m.
*
*  Columns:
*  ========
*  1 station number
*  2 year
*  3 day
*  4 irradiation (kJ m-2 d-1)
*  5 minimum temperature (degrees Celsius)
*  6 maximum temperature (degrees Celsius)
*  7 actual vapour pressure (kPa)   
*  8 mean wind speed (m s-1)
*  9 precipitation (mm d-1)
*
** WCCDESCRIPTION=Senegal, SEN_HUB_fanaye
** WCCFORMAT=2
** WCCYEARNR= 2009
*
* COMMENT - START
*   Filename: SEN3001.009
*   Source file: SEN_HUBHIST_Fanaye.xlsx; sheet: GYGAReady_public_propagation
*   Source file contains station data (black) and propagated data (red).
*   When station data are available these are filled in in the current file.
*   When station data are not available the method uses NASA data from the POWER database.
*   Tmin, Tmax and Tdew from the POWER database are corrected for bias based on empirical regression between POWER data and available station data.
* COMMENT - END
*---------------------------------------------------------*
-14.80  16.53  11  0  0
3001 2009 001 21000 19.1 34.8 0.76 1.2 0
3001 2009 002 22700 14.1 35.2 0.71 1.6 0
3001 2009 003 22700 17.6 33.6 0.94 2.6 0
3001 2009 004 22200 15.6 33.4 0.81 2.0 0
3001 2009 005 23400 12.2 32.2 0.66 1.6 0
3001 2009 006 23500 13.8 30.6 0.87 1.2 0
3001 2009 007 21700 13.5 26.3 1 1.8 0
3001 2009 008 22300 14.0 26.6 1 2.2 0
3001 2009 009 22900 9.7 26.9 0.71 2.2 0
3001 2009 010 23100 6.7 29.6 0.49 1.2 0
3001 2009 011 18400 11.4 28.4 1.07 1.2 0
3001 2009 012 22200 14.8 25.2 0.94 3.0 0
3001 2009 013 22100 11.2 26.6 0.76 3.0 0
3001 2009 014 19700 15.0 27.9 0.87 2.4 0
3001 2009 015 19300 13.0 27.6 0.66 0.8 0
3001 2009 016 23200 10.4 26.0 0.49 0.3 0
3001 2009 017 22800 14.2 23.9 0.87 3.4 0
3001 2009 018 23200 12.8 25.2 0.87 0.3 0
3001 2009 019 23700 13.2 27.2 1 2.4 0
3001 2009 020 23700 6.4 27.5 0.53 1.6 0
3001 2009 021 22200 9.1 25.6 0.71 2.4 0
3001 2009 022 21700 14.7 26.1 0.76 3.4 0
3001 2009 023 22000 11.8 26.2 0.57 0.3 0
3001 2009 024 22400 11.1 27.5 0.45 1.8 0
3001 2009 025 15100 15.1 22.4 0.61 0.4 0
3001 2009 026 23200 12.5 29.7 0.76 1.4 0
3001 2009 027 23900 11.2 29.7 0.94 1.8 0
3001 2009 028 24100 13.6 32.4 1 0.2 0
3001 2009 029 23300 12.6 35.5 1.07 0.8 0
3001 2009 030 23400 11.8 34.4 0.61 0.4 0
3001 2009 031 22400 11.1 32.7 0.53 1.2 0
3001 2009 032 21400 11.2 33.3 0.53 1.4 0
3001 2009 033 22000 14.5 28.6 1.23 2.0 0
3001 2009 034 21800 15.2 30.6 1.71 1.6 0
3001 2009 035 23300 15.3 30.7 1.4 0.8 0
3001 2009 036 22100 15.8 31.0 1.4 2.0 0
3001 2009 037 16700 18.0 27.7 1.4 2.8 0
3001 2009 038 21600 17.9 27.2 1.15 3.6 0
3001 2009 039 24000 15.6 28.3 0.81 3.0 0
3001 2009 040 23200 13.1 32.6 0.81 2.4 0
3001 2009 041 23600 14.1 33.8 0.57 1.8 0
3001 2009 042 23200 13.6 35.8 0.42 1.0 0
3001 2009 043 23100 11.8 37.4 0.45 0.8 0
3001 2009 044 23700 13.8 38.3 0.81 2.3 0
3001 2009 045 22000 15.9 31.0 1.6 0.2 0
3001 2009 046 22600 16.5 28.8 1.31 2.2 0
3001 2009 047 23800 14.2 29.1 1.4 2.4 0
3001 2009 048 23400 14.2 31.2 1.31 1.0 0
3001 2009 049 22500 13.9 32.7 0.57 0.8 0
3001 2009 050 22400 13.6 33.2 0.87 1.6 0
3001 2009 051 24100 15.8 32.3 1.31 1.8 0
3001 2009 052 22700 14.6 33.4 0.94 1.8 0
3001 2009 053 18200 19.4 37.0 0.94 0.8 0
3001 2009 054 19300 20.8 36.1 1.31 1.2 0
3001 2009 055 19900 22.5 36.7 1.6 0.8 0
3001 2009 056 21600 20.5 32.5 1.82 2.2 0
3001 2009 057 23000 16.6 29.6 1.5 2.0 0
3001 2009 058 23300 16.2 30.3 1.5 2.2 0
3001 2009 059 22900 17.6 33.1 1.6 2.2 0
3001 2009 060 23800 14.5 34.7 1 2.0 0
3001 2009 061 23800 13.7 36.9 0.71 1.8 0
3001 2009 062 22200 16.7 35.1 0.81 1.2 0
3001 2009 063 19900 21.1 30.7 1.31 2.0 0
3001 2009 064 22300 20.8 32.7 1 5.0 0
3001 2009 065 26800 16.4 33.1 0.81 3.2 0
3001 2009 066 20500 19.6 33.9 1 2.0 0
3001 2009 067 17400 21.1 36.5 1.15 2.0 0
3001 2009 068 19100 19.0 35.1 1.23 1.4 0
3001 2009 069 20500 16.4 29.6 1.31 1.2 0
3001 2009 070 21400 15.9 30.0 1.4 2.6 0
3001 2009 071 22100 17.0 30.0 1.4 1.6 0
3001 2009 072 19900 16.2 34.3 1.6 1.8 0
3001 2009 073 21800 16.2 35.6 1.71 1.2 0
3001 2009 074 20300 18.2 34.7 1.94 1.2 0
3001 2009 075 19100 18.4 33.1 1.82 1.2 0
3001 2009 076 19300 16.4 34.7 1.6 1.8 0
3001 2009 077 19400 17.3 32.3 1.6 2.0 0
3001 2009 078 17900 16.7 34.7 1.6 2.4 0
3001 2009 079 19900 17.9 36.5 1.82 1.8 0
3001 2009 080 19800 18.2 38.3 1.82 1.2 0
3001 2009 081 19900 19.0 38.8 1.82 0.4 0
3001 2009 082 19000 19.9 37.8 1.71 2.3 0
3001 2009 083 19400 20.5 37.4 1.5 0.4 0
3001 2009 084 16200 19.6 34.3 1.4 1.8 0
3001 2009 085 18300 19.3 33.1 1.71 0.4 0
3001 2009 086 16200 19.0 33.9 1.5 1.6 0
3001 2009 087 20800 18.2 31.5 1.4 1.8 0
3001 2009 088 21600 17.3 33.9 1.4 2.6 0
3001 2009 089 22600 17.9 37.4 1.5 2.2 0
3001 2009 090 22900 17.0 37.4 0.76 0.4 0
3001 2009 091 21500 19.0 36.5 1.31 1.6 0
3001 2009 092 22700 18.3 37.0 1.23 2.4 0
3001 2009 093 32300 19.0 37.4 0.71 2.4 0
3001 2009 094 26500 19.0 38.8 0.76 1.2 0
3001 2009 095 26400 19.8 39.7 1.31 0.8 0
3001 2009 096 26600 18.7 38.3 1.31 1.4 0
3001 2009 097 27000 17.9 35.3 1.6 1.2 0
3001 2009 098 26300 17.9 32.3 1.6 2.0 0
3001 2009 099 26000 17.1 31.9 1.6 2.4 0
3001 2009 100 26400 16.4 34.9 1.6 1.6 0
3001 2009 101 26100 16.8 34.4 1.15 2.2 0
3001 2009 102 27200 16.4 35.3 1.5 1.8 0
3001 2009 103 27700 17.5 35.7 1.6 1.8 0
3001 2009 104 28300 17.1 35.7 1.4 1.6 0
3001 2009 105 28200 17.1 35.7 1.31 0.8 0
3001 2009 106 26900 16.8 37.4 1.15 0.8 0
3001 2009 107 27200 19.0 37.4 0.94 4.0 0
3001 2009 108 26300 20.6 37.0 0.76 3.0 0
3001 2009 109 26400 17.1 37.9 0.57 3.2 0
3001 2009 110 26200 19.8 39.7 1.15 2.0 0
3001 2009 111 26200 19.8 41.1 0.94 1.2 0
3001 2009 112 26100 21.7 42.5 1.6 2.2 0
3001 2009 113 27100 24.0 42.9 1.4 2.6 0
3001 2009 114 26600 22.9 42.9 1.15 1.8 0
3001 2009 115 24300 22.9 42.5 0.81 2.0 0
3001 2009 116 25000 22.9 41.5 1 1.4 0
3001 2009 117 24600 22.5 41.1 0.94 1.4 0
3001 2009 118 25100 23.2 41.1 1 2.0 0
3001 2009 119 25700 26.3 40.8 1.23 2.8 0
3001 2009 120 32600 27.5 42.7 1.15 3.0 0
3001 2009 121 23700 26.0 42.5 1.07 2.4 0
3001 2009 122 29900 24.4 41.7 0.94 1.8 0
3001 2009 123 24100 24.7 42.2 1.15 1.6 0
3001 2009 124 23400 26.2 40.3 1.31 2.2 0
3001 2009 125 22700 23.5 39.4 1.23 2.4 0
3001 2009 126 24200 22.3 42.2 1.5 1.2 0
3001 2009 127 23200 20.5 39.0 1.71 1.6 0
3001 2009 128 24300 18.3 39.9 1.71 2.0 0
3001 2009 129 24200 18.9 39.0 1.71 1.8 0
3001 2009 130 23400 19.2 38.1 1.71 2.0 0
3001 2009 131 23700 18.5 39.9 1.6 2.0 0
3001 2009 132 23600 22.5 43.1 1.94 1.8 0
3001 2009 133 21900 25.3 40.4 1.6 2.2 0
3001 2009 134 21600 26.2 39.9 1.4 2.4 0
3001 2009 135 38200 25.5 40.8 1.5 0.8 0
3001 2009 136 25400 26.0 40.8 1.6 1.4 0
3001 2009 137 13500 23.0 36.4 1.23 2.0 0
3001 2009 138 26300 25.7 41.7 1.82 2.0 0
3001 2009 139 23500 21.5 40.5 1.23 0.4 0
3001 2009 140 26200 28.5 40.3 2.34 2.8 0
3001 2009 141 25900 29.2 43.8 2.07 2.6 0
3001 2009 142 21800 27.8 41.4 2.49 4.6 0
3001 2009 143 23100 25.0 41.7 1.15 2.6 0
3001 2009 144 23600 25.0 42.4 1 0.8 0
3001 2009 145 25500 24.5 43.1 1.07 1.2 0
3001 2009 146 26200 27.9 43.6 1.6 0.4 0
3001 2009 147 25900 22.6 43.4 1.15 1.8 0
3001 2009 148 25800 19.3 42.7 1.07 2.0 0
3001 2009 149 26300 19.9 40.3 1 1.8 0
3001 2009 150 26500 23.7 39.4 1.82 2.4 0
3001 2009 151 24200 23.0 38.5 2.07 2.4 0
3001 2009 152 18700 20.6 39.0 1.82 1.6 0
3001 2009 153 22700 25.2 42.0 1.94 2.0 0
3001 2009 154 22400 30.6 41.3 1.6 1.8 0
3001 2009 155 19200 32.0 41.4 1.23 3.0 0
3001 2009 156 24600 26.0 41.1 1.6 1.2 0
3001 2009 157 25300 23.0 39.0 1.71 2.6 0
3001 2009 158 25100 20.0 39.4 1.71 2.4 0
3001 2009 159 22500 23.2 40.5 1.82 1.4 0
3001 2009 160 22900 23.0 38.8 1.94 3.4 0
3001 2009 161 22200 24.0 41.7 1.94 2.2 0
3001 2009 162 24900 27.5 40.5 1 2.0 0
3001 2009 163 25100 24.6 42.7 1.71 0.8 0
3001 2009 164 23200 24.1 38.0 1.82 1.6 0
3001 2009 165 17600 24.0 38.3 1.71 0.8 5
3001 2009 166 22300 23.6 33.7 2.49 1.6 1
3001 2009 167 17000 25.0 36.8 2.07 1.2 0
3001 2009 168 22000 24.2 38.6 1.94 0.8 0
3001 2009 169 21600 25.0 39.4 2.07 2.0 0
3001 2009 170 22900 26.7 40.8 2.2 1.8 0
3001 2009 171 21000 25.3 41.8 2.2 1.4 0
3001 2009 172 22900 25.0 40.3 2.49 1.6 0
3001 2009 173 15500 25.9 36.6 2.49 2.8 0
3001 2009 174 20600 25.5 36.2 2.65 2.0 8
3001 2009 175 24100 25.0 38.5 2.49 0.8 0
3001 2009 176 16000 24.9 32.2 2.2 3.2 0
3001 2009 177 24200 23.3 38.1 2.34 1.6 0
3001 2009 178 23300 24.0 41.7 2.2 2.6 1
3001 2009 179 21100 26.1 39.9 2.2 1.6 0
3001 2009 180 18000 24.5 35.8 2.65 2.0 2
3001 2009 181 22100 25.3 40.3 2.07 2.8 0
3001 2009 182 24400 26.4 40.3 2.2 2.3 0
3001 2009 183 22900 26.6 38.0 2.81 3.4 0
3001 2009 184 23500 24.0 38.1 2.49 2.2 0
3001 2009 185 25200 24.0 39.9 2.34 1.2 0
3001 2009 186 12200 21.6 33.2 2.65 2.6 17
3001 2009 187 25300 22.0 38.7 2.34 2.8 0
3001 2009 188 24200 23.5 36.3 2.65 2.4 0
3001 2009 189 21900 26.0 35.7 2.49 3.8 0
3001 2009 190 23300 26.0 38.0 2.49 0.8 0
3001 2009 191 24100 26.1 39.4 2.65 2.8 0
3001 2009 192 23300 24.1 35.7 2.49 3.0 0
3001 2009 193 24700 24.0 37.4 2.81 1.6 0
3001 2009 194 20800 24.0 35.7 2.65 1.6 7
3001 2009 195 26100 24.0 38.2 2.49 1.6 0
3001 2009 196 24600 23.8 37.1 2.2 2.2 0
3001 2009 197 26100 25.0 37.1 2.65 2.0 0
3001 2009 198 25700 26.0 38.0 2.49 2.4 0
3001 2009 199 22900 25.0 36.8 2.49 3.8 0
3001 2009 200 16700 25.0 35.3 2.34 3.8 0
3001 2009 201 20900 26.0 35.3 2.99 0.8 1
3001 2009 202 12600 22.3 31.1 2.49 1.2 0
3001 2009 203 24400 28.4 36.5 3.57 1.6 0
3001 2009 204 24400 26.6 36.0 2.81 2.0 0
3001 2009 205 25200 25.3 35.6 2.81 2.6 0
3001 2009 206 24300 25.6 33.9 2.81 2.6 0
3001 2009 207 24000 24.9 33.9 2.65 2.8 0
3001 2009 208 23400 25.3 36.9 2.49 0.4 0
3001 2009 209 21500 23.0 35.6 2.65 0.8 15
3001 2009 210 21800 23.3 33.9 2.65 2.0 12
3001 2009 211 20300 26.3 32.3 3.37 1.6 0
3001 2009 212 22000 25.6 32.7 3.17 1.8 0
3001 2009 213 23000 25.3 32.7 2.81 2.0 0
3001 2009 214 23400 25.3 33.9 2.99 1.6 0
3001 2009 215 15800 25.3 34.7 2.65 1.0 1
3001 2009 216 23000 26.0 33.9 2.99 2.8 0
3001 2009 217 25300 25.6 33.9 2.81 1.8 0
3001 2009 218 22700 24.9 36.5 2.65 2.3 0
3001 2009 219 17800 24.1 31.9 2.99 1.2 24
3001 2009 220 21100 26.1 34.0 3.17 1.4 0
3001 2009 221 22700 26.3 33.6 3.17 2.0 0
3001 2009 222 23000 25.9 34.3 2.99 1.2 0
3001 2009 223 24900 23.4 36.1 2.81 0.4 16
3001 2009 224 16700 23.9 34.6 2.99 0.8 27
3001 2009 225 23800 26.5 34.0 3.17 1.8 0
3001 2009 226 20100 26.2 33.3 2.99 2.6 0
3001 2009 227 22400 25.0 31.9 2.99 1.2 0
3001 2009 228 24900 23.9 34.8 2.81 0.4 0
3001 2009 229 24900 27.0 35.8 2.99 2.2 0
3001 2009 230 25700 24.9 34.7 2.65 0.8 0
3001 2009 231 20900 23.9 31.7 2.49 0.8 9
3001 2009 232 23500 25.2 35.8 2.99 2.4 0
3001 2009 233 23600 25.7 34.6 2.81 0.8 13
3001 2009 234 18600 24.9 36.3 2.49 0.4 12
3001 2009 235 15900 23.0 33.0 2.65 2.3 0
3001 2009 236 22400 25.0 35.4 2.99 2.3 0
3001 2009 237 14800 21.7 31.4 2.49 0.8 28
3001 2009 238 20800 25.1 32.8 2.99 2.3 0
3001 2009 239 21200 23.4 35.3 2.65 0.8 1
3001 2009 240 20800 21.9 33.6 2.49 0.8 28
3001 2009 241 19900 24.4 33.1 2.65 1.8 12
3001 2009 242 21000 26.2 33.5 3.17 1.6 0
3001 2009 243 16600 26.3 31.3 3.17 2.2 2
3001 2009 244 19500 25.0 32.6 2.99 2.3 1
3001 2009 245 19600 24.9 34.5 2.65 0.8 0
3001 2009 246 21500 26.9 34.1 3.17 2.4 1
3001 2009 247 25200 26.3 34.0 3.17 2.2 0
3001 2009 248 22800 20.6 33.9 2.34 2.4 23
3001 2009 249 23000 25.7 33.9 2.99 1.6 14
3001 2009 250 25900 25.5 33.3 2.99 1.2 0
3001 2009 251 16100 22.2 31.0 2.65 1.4 27
3001 2009 252 17600 23.8 31.0 2.99 1.4 5
3001 2009 253 21800 24.9 33.1 2.99 0.8 0
3001 2009 254 23800 26.0 34.7 3.17 0.8 0
3001 2009 255 19400 25.6 34.7 2.81 1.2 1
3001 2009 256 11900 24.9 32.3 2.99 1.2 23
3001 2009 257 20600 24.6 34.7 2.99 0.4 5
3001 2009 258 24700 24.6 33.9 2.99 2.3 0
3001 2009 259 15500 26.0 34.7 3.17 1.6 0
3001 2009 260 20800 24.6 33.9 2.65 0.4 0
3001 2009 261 16400 23.0 30.3 2.65 1.6 0
3001 2009 262 20300 24.6 35.6 2.81 2.3 0
3001 2009 263 20600 26.3 37.4 3.17 1.0 0
3001 2009 264 20300 26.3 36.9 3.17 0.4 0
3001 2009 265 14900 22.4 32.3 2.65 1.2 7
3001 2009 266 20500 25.6 33.5 3.17 1.2 0
3001 2009 267 17500 25.6 35.6 2.99 0.8 0
3001 2009 268 14900 26.7 32.4 3.17 2.2 0
3001 2009 269 23900 25.3 35.1 3.17 0.8 3
3001 2009 270 19800 23.6 40.7 2.65 0.4 0
3001 2009 271 22300 24.5 37.2 2.99 1.2 0
3001 2009 272 23800 25.7 38.4 2.34 2.3 0
3001 2009 273 23100 24.8 39.0 1.94 0.8 0
3001 2009 274 19300 27.7 42.5 2.81 1.8 0
3001 2009 275 22700 26.6 43.2 2.81 0.4 0
3001 2009 276 23300 27.7 42.6 3.17 1.8 0
3001 2009 277 23500 24.9 38.8 2.65 0.4 0
3001 2009 278 24200 24.3 39.7 2.65 1.2 0
3001 2009 279 23700 21.7 39.3 1.71 1.2 0
3001 2009 280 22600 24.9 38.8 2.81 2.0 0
3001 2009 281 23300 27.0 40.3 3.37 2.2 0
3001 2009 282 24100 25.9 42.7 3.17 2.2 0
3001 2009 283 24900 21.3 42.9 2.34 1.6 0
3001 2009 284 24500 20.0 43.1 1.71 2.3 0
3001 2009 285 24400 20.5 41.0 1.82 0.4 0
3001 2009 286 22900 22.2 39.0 2.34 1.6 0
3001 2009 287 23000 24.8 39.6 2.99 1.4 0
3001 2009 288 20800 22.8 37.6 2.49 1.6 0
3001 2009 289 22800 22.5 42.6 2.34 0.8 0
3001 2009 290 18200 24.3 39.4 2.2 2.0 0
3001 2009 291 4200 22.4 33.5 2.2 1.8 0
3001 2009 292 16700 24.1 40.2 2.49 1.6 0
3001 2009 293 21700 26.5 42.0 2.07 1.2 0
3001 2009 294 23700 27.9 41.4 2.65 0.8 0
3001 2009 295 23200 24.1 42.8 1.82 0.8 0
3001 2009 296 23400 24.6 42.7 1.6 1.8 0
3001 2009 297 23200 20.6 43.1 1.5 2.2 0
3001 2009 298 21900 24.6 40.9 2.07 1.4 0
3001 2009 299 11600 25.9 37.5 2.81 0.4 0
3001 2009 300 18800 24.0 38.3 1.94 1.2 0
3001 2009 301 22800 19.7 38.1 1.82 1.2 0
3001 2009 302 22200 19.9 37.4 1.31 1.6 0
3001 2009 303 16600 19.5 34.4 1.07 2.6 0
3001 2009 304 23000 15.0 35.0 0.81 2.0 0
3001 2009 305 22400 15.9 37.5 1.23 2.0 0
3001 2009 306 19900 21.8 35.9 1.82 1.8 1
3001 2009 307 9500 22.7 31.7 2.2 0.8 0
3001 2009 308 18500 24.1 35.6 2.49 1.2 0
3001 2009 309 20100 22.8 36.7 1.71 0.8 0
3001 2009 310 21000 21.7 35.8 1.23 2.2 0
3001 2009 311 22000 17.0 34.6 1.31 1.2 0
3001 2009 312 22500 15.7 35.3 1.4 0.8 0
3001 2009 313 21700 15.9 37.6 0.94 0.4 0
3001 2009 314 21100 17.3 38.0 1.15 0.4 0
3001 2009 315 18300 20.4 35.8 1.71 0.8 0
3001 2009 316 19800 18.4 37.1 1.5 0.4 0
3001 2009 317 16400 19.7 36.2 1.23 0.8 0
3001 2009 318 15700 20.6 33.5 1.07 1.6 0
3001 2009 319 21700 16.3 33.3 0.81 1.0 0
3001 2009 320 21600 12.3 34.5 0.66 2.3 0
3001 2009 321 16700 17.5 35.8 0.81 0.8 0
3001 2009 322 9600 20.2 35.0 1 1.8 0
3001 2009 323 19700 18.0 35.7 1 1.2 0
3001 2009 324 16300 17.0 33.3 0.87 1.6 0
3001 2009 325 16800 15.7 34.1 0.76 1.6 0
3001 2009 326 21100 14.5 34.8 0.66 2.4 0
3001 2009 327 20600 15.1 32.8 0.76 1.6 0
3001 2009 328 17300 12.0 31.3 0.61 1.2 0
3001 2009 329 20400 12.8 35.7 0.71 1.2 0
3001 2009 330 8500 15.5 29.9 0.71 1.0 0
3001 2009 331 15800 16.5 33.1 0.76 1.0 0
3001 2009 332 14700 16.4 31.6 0.81 0.4 0
3001 2009 333 15100 15.4 32.4 0.94 0.4 0
3001 2009 334 10300 17.5 32.0 0.94 2.3 0
3001 2009 335 6900 19.2 29.7 1 0.4 0
3001 2009 336 6800 19.7 31.9 1 2.3 0
3001 2009 337 4200 20.4 29.5 1.23 2.3 0
3001 2009 338 11800 17.7 32.4 0.87 0.4 0
3001 2009 339 16700 12.9 34.6 0.66 1.2 0
3001 2009 340 16300 14.3 34.0 0.66 1.6 0
3001 2009 341 10500 17.4 32.8 0.71 1.6 0
3001 2009 342 3800 21.7 30.0 1 0.6 0
3001 2009 343 19000 17.8 32.4 0.81 1.4 0
3001 2009 344 19900 11.7 31.8 0.66 1.2 0
3001 2009 345 19900 11.5 31.1 0.49 0.8 0
3001 2009 346 12200 10.6 26.7 0.49 2.3 0
3001 2009 347 19400 8.8 29.1 0.87 1.2 0
3001 2009 348 19200 14.9 29.8 1.4 0.8 0
3001 2009 349 18800 11.9 30.4 1.15 2.3 0
3001 2009 350 18300 14.3 32.4 1.4 0.8 0
3001 2009 351 14800 16.2 35.7 0.94 0.4 0
3001 2009 352 14900 19.4 33.3 0.87 0.8 0
3001 2009 353 17000 15.8 35.7 0.81 0.4 0
3001 2009 354 18700 17.4 37.0 1.15 2.3 0
3001 2009 355 17300 15.0 34.0 1.15 2.3 0
3001 2009 356 18000 16.0 34.7 1.23 0.4 0
3001 2009 357 18500 14.5 35.9 1.15 2.3 0
3001 2009 358 18300 14.7 33.9 1.31 0.8 0
3001 2009 359 18700 15.4 33.3 1.71 1.2 0
3001 2009 360 19600 13.8 35.9 1.23 1.2 0
3001 2009 361 19400 11.6 35.9 0.61 1.2 0
3001 2009 362 20100 11.0 35.6 0.57 1.6 0
3001 2009 363 19900 11.2 35.4 0.71 1.0 0
3001 2009 364 19700 11.5 36.3 0.76 1.2 0
3001 2009 365 19100 11.8 36.2 0.61 1.2 0
