*---------------------------------------------------------*
*   Country: Senegal
*   Station: SEN_HUB_fanaye
*   Station #: 3001
*   Year: 1994
*   Source: AfricaRice; historical observed data (1991-1999,2006-2011, 2013,2014)
*   Author: Pepijn van Oort (AfricaRice). Original Script by Justin van Wart (University Nebraska)
*   Longitude: -14.80 (decimal degrees East)
*   Latitude: 16.53 (decimal degrees North)
*   Elevation: 11 m.
*
*  Columns:
*  ========
*  1 station number
*  2 year
*  3 day
*  4 irradiation (kJ m-2 d-1)
*  5 minimum temperature (degrees Celsius)
*  6 maximum temperature (degrees Celsius)
*  7 actual vapour pressure (kPa)   
*  8 mean wind speed (m s-1)
*  9 precipitation (mm d-1)
*
** WCCDESCRIPTION=Senegal, SEN_HUB_fanaye
** WCCFORMAT=2
** WCCYEARNR= 1994
*
* COMMENT - START
*   Filename: SEN3001.994
*   Source file: SEN_HUBHIST_Fanaye.xlsx; sheet: GYGAReady_public_propagation
*   Source file contains station data (black) and propagated data (red).
*   When station data are available these are filled in in the current file.
*   When station data are not available the method uses NASA data from the POWER database.
*   Tmin, Tmax and Tdew from the POWER database are corrected for bias based on empirical regression between POWER data and available station data.
* COMMENT - END
*---------------------------------------------------------*
-14.80  16.53  11  0  0
3001 1994 001 18400 14.0 28.8 0.73 2.3 -99
3001 1994 002 15600 14.4 29.0 0.8 2.3 -99
3001 1994 003 15000 16.4 29.6 0.73 2.3 -99
3001 1994 004 18100 12.7 29.6 0.69 2.3 -99
3001 1994 005 17600 8.5 30.3 0.71 2.3 -99
3001 1994 006 19400 7.8 30.7 0.82 2.3 -99
3001 1994 007 18700 7.4 30.1 0.79 2.3 -99
3001 1994 008 20600 6.2 29.4 0.97 2.3 -99
3001 1994 009 20800 7.1 29.8 1.2 2.3 -99
3001 1994 010 20900 7.0 30.9 0.92 2.3 -99
3001 1994 011 18700 10.4 29.4 0.75 2.3 -99
3001 1994 012 20200 12.1 31.0 0.77 2.3 -99
3001 1994 013 19200 9.2 33.0 0.66 2.3 -99
3001 1994 014 18800 12.7 34.0 0.65 2.3 -99
3001 1994 015 18600 11.5 33.5 0.65 2.3 -99
3001 1994 016 19200 11.2 32.4 0.67 2.3 -99
3001 1994 017 19100 11.9 31.2 0.84 2.3 -99
3001 1994 018 19300 11.9 27.7 1.26 2.3 -99
3001 1994 019 19400 11.8 24.9 1.08 2.3 -99
3001 1994 020 19800 12.3 23.0 0.96 2.3 -99
3001 1994 021 19800 5.9 24.0 1.06 2.3 -99
3001 1994 022 21500 7.9 25.4 1.03 2.3 -99
3001 1994 023 21300 6.6 26.1 0.97 2.3 -99
3001 1994 024 19800 11.2 26.3 0.97 2.3 -99
3001 1994 025 16100 8.0 27.4 0.99 2.3 -99
3001 1994 026 16200 17.0 25.0 1.02 2.3 -99
3001 1994 027 19100 13.9 26.0 1.1 2.3 -99
3001 1994 028 19900 12.0 30.0 1.1 2.3 -99
3001 1994 029 14600 13.0 30.1 1.01 2.3 -99
3001 1994 030 17900 16.1 33.6 1.05 2.3 -99
3001 1994 031 16700 19.6 33.8 0.53 2.3 -99
3001 1994 032 19100 17.5 31.9 0.64 2.3 -99
3001 1994 033 20000 15.2 31.8 0.79 2.3 -99
3001 1994 034 19600 13.4 32.9 0.79 2.3 -99
3001 1994 035 21900 10.7 32.0 0.89 2.3 -99
3001 1994 036 23000 11.6 30.8 0.95 2.3 -99
3001 1994 037 21600 13.7 30.8 0.88 2.3 -99
3001 1994 038 22700 16.0 31.9 0.79 2.3 -99
3001 1994 039 22100 9.8 33.5 0.68 2.3 -99
3001 1994 040 21600 14.7 33.5 0.62 2.3 -99
3001 1994 041 20000 11.7 33.5 0.67 2.3 -99
3001 1994 042 23400 9.4 33.8 0.63 2.3 -99
3001 1994 043 21100 12.0 31.8 0.61 2.3 -99
3001 1994 044 17900 14.5 31.8 0.56 2.3 -99
3001 1994 045 21000 10.5 33.0 0.72 2.3 -99
3001 1994 046 21300 10.9 35.1 0.7 2.3 -99
3001 1994 047 20300 12.9 34.8 0.71 2.3 -99
3001 1994 048 20000 16.6 33.1 1.1 2.3 -99
3001 1994 049 21200 15.4 32.3 0.94 2.3 -99
3001 1994 050 24000 13.4 32.2 0.84 2.3 -99
3001 1994 051 20100 16.3 33.8 0.9 2.3 -99
3001 1994 052 21700 17.7 35.3 0.65 2.3 -99
3001 1994 053 23600 14.7 36.4 0.7 2.3 -99
3001 1994 054 22700 14.2 37.2 0.73 2.3 -99
3001 1994 055 23400 15.2 37.4 0.81 2.3 -99
3001 1994 056 22700 13.6 37.7 0.9 2.3 -99
3001 1994 057 22400 15.5 37.7 1.07 2.3 -99
3001 1994 058 23500 16.8 36.6 1 2.3 -99
3001 1994 059 23800 15.1 34.5 1.12 2.3 -99
3001 1994 060 20700 17.5 36.0 1.1 2.3 -99
3001 1994 061 19800 20.6 33.4 1.01 2.3 -99
3001 1994 062 21700 15.6 30.8 0.95 2.3 -99
3001 1994 063 24200 13.9 33.4 0.9 2.3 -99
3001 1994 064 25100 12.8 34.5 0.82 2.3 -99
3001 1994 065 23600 15.8 34.8 0.97 2.3 -99
3001 1994 066 18300 15.1 34.0 1.07 2.3 -99
3001 1994 067 17700 19.2 31.1 1.32 2.3 -99
3001 1994 068 16800 16.4 24.0 1.31 2.3 -99
3001 1994 069 24600 13.5 32.3 1.36 2.3 -99
3001 1994 070 23900 13.9 35.0 1.31 2.3 -99
3001 1994 071 22800 17.3 37.1 1.3 2.3 -99
3001 1994 072 21800 20.8 37.1 1.14 2.3 -99
3001 1994 073 22800 19.5 32.5 1.34 2.3 -99
3001 1994 074 25600 15.9 30.4 1.13 2.3 -99
3001 1994 075 24900 14.7 33.4 0.84 2.3 -99
3001 1994 076 25500 14.8 36.6 0.95 2.3 -99
3001 1994 077 23900 18.0 37.8 1.07 2.3 -99
3001 1994 078 23800 20.2 39.3 1.08 2.3 -99
3001 1994 079 23500 21.1 38.7 1.14 2.3 -99
3001 1994 080 25300 20.9 38.8 1.13 2.3 -99
3001 1994 081 26400 17.3 37.6 0.99 2.3 -99
3001 1994 082 26700 17.7 36.3 0.94 2.3 -99
3001 1994 083 26800 15.3 37.6 1 2.3 -99
3001 1994 084 24200 15.5 38.8 1.17 2.3 -99
3001 1994 085 18200 21.3 39.2 1.2 2.3 -99
3001 1994 086 21100 21.5 37.7 1.01 2.3 -99
3001 1994 087 23700 23.3 39.4 1.05 2.3 -99
3001 1994 088 23100 20.8 39.5 0.9 2.3 -99
3001 1994 089 24800 20.9 38.9 1.04 2.3 -99
3001 1994 090 23800 20.2 39.0 1 2.3 -99
3001 1994 091 12900 22.1 38.6 0.97 2.3 -99
3001 1994 092 22800 22.4 41.4 0.82 2.3 -99
3001 1994 093 20100 26.5 38.5 0.7 2.3 -99
3001 1994 094 26700 17.1 39.1 0.99 2.3 -99
3001 1994 095 16900 17.6 37.7 0.56 2.3 -99
3001 1994 096 19900 21.2 35.5 0.67 2.3 -99
3001 1994 097 26900 17.9 36.5 0.69 2.3 -99
3001 1994 098 27300 18.1 38.4 0.72 2.3 -99
3001 1994 099 25800 17.3 39.9 0.8 2.3 -99
3001 1994 100 24400 19.9 40.4 0.86 2.3 -99
3001 1994 101 23800 19.6 40.7 1.05 2.3 -99
3001 1994 102 23400 19.5 37.4 1.38 2.3 -99
3001 1994 103 26100 17.7 35.9 1.6 2.3 -99
3001 1994 104 26800 16.5 35.1 1.26 2.3 -99
3001 1994 105 27300 16.9 33.9 0.97 2.3 -99
3001 1994 106 27700 15.7 36.2 0.93 2.3 -99
3001 1994 107 26300 17.9 37.3 1.36 2.3 -99
3001 1994 108 26200 17.8 35.6 1.66 2.3 -99
3001 1994 109 24800 18.8 35.0 1.78 2.3 -99
3001 1994 110 26100 18.6 35.3 1.77 2.3 -99
3001 1994 111 26600 17.6 33.9 1.39 2.3 -99
3001 1994 112 27500 17.5 38.4 1.2 2.3 -99
3001 1994 113 26800 20.6 41.1 1.29 2.3 -99
3001 1994 114 23100 24.2 43.2 1.31 2.3 -99
3001 1994 115 17800 26.3 40.5 1.47 2.3 -99
3001 1994 116 18600 28.1 39.1 1.54 2.3 -99
3001 1994 117 21200 23.4 38.7 1.3 2.3 -99
3001 1994 118 21400 23.8 39.6 1.17 2.3 -99
3001 1994 119 23700 21.8 40.0 1.29 2.3 -99
3001 1994 120 23600 19.9 38.3 1.3 2.3 -99
3001 1994 121 23300 18.5 37.1 1.13 2.3 -99
3001 1994 122 23800 20.0 40.1 1.13 2.3 -99
3001 1994 123 24600 21.9 40.7 0.9 2.3 -99
3001 1994 124 25600 23.3 40.9 1.09 2.3 -99
3001 1994 125 27600 19.4 40.2 1.27 2.3 -99
3001 1994 126 27300 19.1 41.0 1.31 2.3 -99
3001 1994 127 27500 19.4 41.9 1.08 2.3 -99
3001 1994 128 26100 18.6 40.6 1.26 2.3 -99
3001 1994 129 26100 18.5 40.1 1.27 2.3 -99
3001 1994 130 25200 20.3 40.8 1.26 2.3 -99
3001 1994 131 25900 21.4 40.5 1.17 2.3 -99
3001 1994 132 26500 20.3 38.9 1.19 2.3 -99
3001 1994 133 25600 19.1 36.5 1.32 2.3 -99
3001 1994 134 25900 18.8 37.2 1.36 2.3 -99
3001 1994 135 25800 19.3 37.3 1.5 2.3 -99
3001 1994 136 26400 20.0 39.5 1.57 2.3 -99
3001 1994 137 25000 21.5 41.4 1.58 2.3 -99
3001 1994 138 24500 27.3 42.9 1.48 2.3 -99
3001 1994 139 24600 26.6 43.4 1.28 2.3 -99
3001 1994 140 22500 25.0 42.6 1.21 2.3 -99
3001 1994 141 26700 26.8 43.9 1.32 2.3 -99
3001 1994 142 19700 23.7 41.6 1.39 2.3 -99
3001 1994 143 26400 22.8 44.2 1.4 2.3 -99
3001 1994 144 23900 27.1 45.1 1.2 2.3 -99
3001 1994 145 23000 24.5 40.7 1.65 2.3 -99
3001 1994 146 24300 21.9 35.6 1.61 2.3 -99
3001 1994 147 23900 20.8 41.1 1.6 2.3 -99
3001 1994 148 24500 21.3 35.4 2.17 2.3 -99
3001 1994 149 22300 21.9 34.7 2.58 2.3 -99
3001 1994 150 24500 21.5 37.8 2.52 2.3 -99
3001 1994 151 11300 22.6 33.6 1.91 2.3 -99
3001 1994 152 24200 22.5 40.9 1.73 2.3 -99
3001 1994 153 17200 23.2 43.3 1.56 2.3 -99
3001 1994 154 20300 26.0 39.6 1.61 2.3 -99
3001 1994 155 23000 23.1 40.4 1.76 2.3 -99
3001 1994 156 22600 23.0 36.9 2.41 2.3 -99
3001 1994 157 23500 22.3 35.8 2.44 2.3 -99
3001 1994 158 23700 20.9 35.8 2.12 2.3 -99
3001 1994 159 23300 20.3 35.3 2.07 2.3 -99
3001 1994 160 24600 20.4 34.1 2.07 2.3 -99
3001 1994 161 25200 20.9 35.0 2.13 2.3 -99
3001 1994 162 23900 19.7 36.5 2.23 2.3 -99
3001 1994 163 24500 21.5 39.1 2.15 2.3 -99
3001 1994 164 23800 21.6 35.4 2.15 2.3 -99
3001 1994 165 25400 21.1 37.7 2.38 2.3 -99
3001 1994 166 23900 23.8 41.6 1.71 2.3 -99
3001 1994 167 16500 24.5 42.4 1.85 2.3 -99
3001 1994 168 20100 26.2 38.0 2.26 2.3 -99
3001 1994 169 22500 25.0 36.7 1.72 2.3 -99
3001 1994 170 24100 22.8 40.0 1.31 2.3 -99
3001 1994 171 22700 23.9 42.3 1.71 2.3 -99
3001 1994 172 24900 25.2 41.7 1.7 2.3 -99
3001 1994 173 23500 25.9 39.9 1.3 2.3 -99
3001 1994 174 24500 24.0 42.6 1.91 2.3 -99
3001 1994 175 23400 23.3 36.0 2.24 2.3 -99
3001 1994 176 20700 23.1 35.3 2.2 2.3 -99
3001 1994 177 23600 24.1 38.8 2.03 2.3 -99
3001 1994 178 24000 24.8 39.7 1.64 2.3 -99
3001 1994 179 25300 23.3 42.0 1.52 2.3 -99
3001 1994 180 20100 23.6 37.2 1.68 2.3 -99
3001 1994 181 24400 25.2 39.1 2.2 2.3 -99
3001 1994 182 20300 23.8 37.8 2.41 2.3 -99
3001 1994 183 20800 23.4 33.6 2.4 2.3 -99
3001 1994 184 23800 22.7 34.7 2.28 2.3 -99
3001 1994 185 24500 22.2 34.1 2.52 2.3 -99
3001 1994 186 23100 21.9 35.7 2.51 2.3 -99
3001 1994 187 25400 24.2 37.0 2.49 2.3 -99
3001 1994 188 24900 24.1 40.2 2.51 2.3 -99
3001 1994 189 15200 25.0 34.7 2.66 2.3 -99
3001 1994 190 22900 24.2 35.8 2.75 2.3 -99
3001 1994 191 22700 23.7 35.1 2.73 2.3 -99
3001 1994 192 24100 23.0 35.9 2.8 2.3 -99
3001 1994 193 15000 24.1 32.4 2.97 2.3 -99
3001 1994 194 25000 24.1 37.8 2.83 2.3 -99
3001 1994 195 24900 24.6 36.8 2.44 2.3 -99
3001 1994 196 24600 23.3 35.2 2.57 2.3 -99
3001 1994 197 24600 23.6 36.4 2.62 2.3 -99
3001 1994 198 24000 23.9 35.6 2.33 2.3 -99
3001 1994 199 24100 23.2 35.1 2.51 2.3 -99
3001 1994 200 25200 23.4 38.2 2.73 2.3 -99
3001 1994 201 15800 25.6 35.2 2.83 2.3 -99
3001 1994 202 23600 24.9 36.1 2.58 2.3 -99
3001 1994 203 20900 25.0 35.7 2.46 2.3 -99
3001 1994 204 24000 24.1 37.6 2.92 2.3 -99
3001 1994 205 24700 24.3 37.6 2.88 2.3 -99
3001 1994 206 22700 23.4 35.7 2.71 2.3 -99
3001 1994 207 21500 23.6 38.8 2.66 2.3 -99
3001 1994 208 24900 24.4 37.8 2.92 2.3 -99
3001 1994 209 23400 25.2 37.2 3.06 2.3 -99
3001 1994 210 18500 26.1 35.0 3.14 2.3 -99
3001 1994 211 15500 24.2 33.7 3.25 2.3 -99
3001 1994 212 21400 23.2 34.8 3.23 2.3 -99
3001 1994 213 18800 25.9 36.6 2.34 2.3 -99
3001 1994 214 24800 25.0 40.9 1.98 2.3 -99
3001 1994 215 24700 25.6 40.0 2.2 2.3 -99
3001 1994 216 17400 25.7 38.9 3.27 2.3 -99
3001 1994 217 19000 26.6 39.0 3.76 2.3 -99
3001 1994 218 22800 25.9 35.8 3.61 2.3 -99
3001 1994 219 15700 25.7 34.8 3.55 2.3 -99
3001 1994 220 19700 25.1 34.6 3.31 2.3 -99
3001 1994 221 13700 24.6 33.1 3.39 2.3 -99
3001 1994 222 20800 25.2 37.2 3.59 2.3 -99
3001 1994 223 21200 22.7 37.0 3.49 2.3 -99
3001 1994 224 19200 24.0 32.8 3.45 2.3 -99
3001 1994 225 24600 23.3 28.1 3.47 2.3 -99
3001 1994 226 22400 23.4 33.3 3.21 2.3 -99
3001 1994 227 23800 23.9 33.5 3.12 2.3 -99
3001 1994 228 24000 24.2 34.5 2.99 2.3 -99
3001 1994 229 18500 23.7 34.1 2.95 2.3 -99
3001 1994 230 25000 24.9 35.3 3.41 2.3 -99
3001 1994 231 20200 26.1 35.9 3.74 2.3 -99
3001 1994 232 23700 25.0 35.6 3.61 2.3 -99
3001 1994 233 22800 25.3 34.1 2.55 2.3 -99
3001 1994 234 23800 24.1 40.0 2.97 2.3 -99
3001 1994 235 20600 25.7 33.4 3.66 2.3 -99
3001 1994 236 25100 26.0 36.4 3.66 2.3 -99
3001 1994 237 21300 24.5 34.0 3.21 2.3 -99
3001 1994 238 20900 25.7 34.3 3.29 2.3 -99
3001 1994 239 17700 24.2 33.5 3.23 2.3 -99
3001 1994 240 21300 24.7 34.7 3.68 2.3 -99
3001 1994 241 22700 24.8 36.9 3.19 2.3 -99
3001 1994 242 24000 22.5 37.4 2.88 2.3 -99
3001 1994 243 23100 25.0 36.2 3.39 2.3 -99
3001 1994 244 17200 20.4 32.7 2.97 2.3 -99
3001 1994 245 23700 25.6 36.6 2.86 2.3 -99
3001 1994 246 21000 24.5 35.3 3.25 2.3 -99
3001 1994 247 23100 24.3 37.5 3.27 2.3 -99
3001 1994 248 23400 25.1 35.8 3.29 2.3 -99
3001 1994 249 23200 25.6 34.5 2.97 2.3 -99
3001 1994 250 22200 25.3 34.1 2.6 2.3 -99
3001 1994 251 22700 18.8 33.9 2.2 2.3 -99
3001 1994 252 24000 22.3 34.8 2.28 2.3 -99
3001 1994 253 23900 23.3 37.6 2.54 2.3 -99
3001 1994 254 23800 25.2 35.1 2.66 2.3 -99
3001 1994 255 23900 24.9 36.6 2.71 2.3 -99
3001 1994 256 23100 24.7 35.4 2.73 2.3 -99
3001 1994 257 23200 25.0 37.3 2.85 2.3 -99
3001 1994 258 19800 22.5 35.5 3.23 2.3 -99
3001 1994 259 20900 24.2 33.7 3.29 2.3 -99
3001 1994 260 21700 25.2 33.6 2.99 2.3 -99
3001 1994 261 22800 25.9 36.2 2.15 2.3 -99
3001 1994 262 24400 24.9 37.8 1.89 2.3 -99
3001 1994 263 23200 23.8 36.1 2.86 2.3 -99
3001 1994 264 21700 24.5 35.3 3.49 2.3 -99
3001 1994 265 16700 24.0 33.2 3.43 2.3 -99
3001 1994 266 20000 22.5 30.0 3.15 2.3 -99
3001 1994 267 24300 23.7 32.7 2.78 2.3 -99
3001 1994 268 24400 22.4 34.7 2.73 2.3 -99
3001 1994 269 21000 23.7 35.3 3.66 2.3 -99
3001 1994 270 14000 25.8 32.2 3.55 2.3 -99
3001 1994 271 21400 23.9 35.2 3.64 2.3 -99
3001 1994 272 14800 25.3 32.4 3.37 2.3 -99
3001 1994 273 20700 24.9 34.3 3.08 2.3 -99
3001 1994 274 10800 21.6 29.7 2.63 2.3 -99
3001 1994 275 18000 21.7 33.1 2.2 2.3 -99
3001 1994 276 21700 25.3 35.7 1.76 2.3 -99
3001 1994 277 22300 24.4 37.1 1.75 2.3 -99
3001 1994 278 23100 24.5 36.9 1.85 2.3 -99
3001 1994 279 22900 23.3 38.3 1.87 2.3 -99
3001 1994 280 14100 23.0 31.9 2.13 2.3 -99
3001 1994 281 18300 24.2 32.7 2.54 2.3 -99
3001 1994 282 22900 22.6 31.3 2.31 2.3 -99
3001 1994 283 19100 21.2 30.8 2.08 2.3 -99
3001 1994 284 23600 19.4 32.7 2.73 2.3 -99
3001 1994 285 23000 21.2 35.7 3.27 2.3 -99
3001 1994 286 19000 23.8 36.9 2.52 2.3 -99
3001 1994 287 22600 25.1 37.0 1.73 2.3 -99
3001 1994 288 23600 21.7 37.9 1.55 2.3 -99
3001 1994 289 22600 21.1 37.3 1.62 2.3 -99
3001 1994 290 22300 20.7 38.2 1.59 2.3 -99
3001 1994 291 22100 22.1 38.2 1.67 2.3 -99
3001 1994 292 22100 23.8 38.3 1.55 2.3 -99
3001 1994 293 22500 21.9 37.3 1.59 2.3 -99
3001 1994 294 20900 21.5 38.3 2.21 2.3 -99
3001 1994 295 22100 21.2 38.1 2.62 2.3 -99
3001 1994 296 16500 24.7 37.8 2.73 2.3 -99
3001 1994 297 18900 22.9 36.0 2.19 2.3 -99
3001 1994 298 17100 23.4 35.4 1.99 2.3 -99
3001 1994 299 21100 23.6 37.6 1.73 2.3 -99
3001 1994 300 19800 23.6 38.9 1.71 2.3 -99
3001 1994 301 21700 22.3 39.8 1.99 2.3 -99
3001 1994 302 21100 21.5 36.1 1.76 2.3 -99
3001 1994 303 20100 20.8 33.6 1.67 2.3 -99
3001 1994 304 18600 19.3 33.2 1.56 2.3 -99
3001 1994 305 21300 20.1 36.0 1.53 2.3 -99
3001 1994 306 20600 22.2 36.7 1.35 2.3 -99
3001 1994 307 19400 21.0 37.5 1.31 2.3 -99
3001 1994 308 18500 20.8 37.6 1.68 2.3 -99
3001 1994 309 17900 20.9 38.5 1.74 2.3 -99
3001 1994 310 18400 20.4 38.7 1.72 2.3 -99
3001 1994 311 17000 22.3 39.0 1.71 2.3 -99
3001 1994 312 18900 23.9 39.2 1.59 2.3 -99
3001 1994 313 18400 24.7 39.4 1.48 2.3 -99
3001 1994 314 19500 21.4 39.6 1.33 2.3 -99
3001 1994 315 19800 20.8 39.5 1.33 2.3 -99
3001 1994 316 18600 22.1 38.8 1.26 2.3 -99
3001 1994 317 19300 19.1 38.2 1.17 2.3 -99
3001 1994 318 19900 19.6 38.2 1.09 2.3 -99
3001 1994 319 10900 20.6 35.1 1.13 2.3 -99
3001 1994 320 13600 15.3 34.6 1.19 2.3 -99
3001 1994 321 11500 21.8 32.0 1.28 2.3 -99
3001 1994 322 17800 21.3 31.7 1.22 2.3 -99
3001 1994 323 19200 16.2 33.3 1.05 2.3 -99
3001 1994 324 19900 14.7 35.1 1.2 2.3 -99
3001 1994 325 16700 16.2 35.8 1 2.3 -99
3001 1994 326 18600 17.7 36.4 0.73 2.3 -99
3001 1994 327 20500 15.4 35.4 0.88 2.3 -99
3001 1994 328 18000 15.1 35.1 0.92 2.3 -99
3001 1994 329 18400 15.5 35.4 1.09 2.3 -99
3001 1994 330 14600 17.1 34.2 1.13 2.3 -99
3001 1994 331 15400 16.1 33.9 1.14 2.3 -99
3001 1994 332 11000 17.2 32.5 1.04 2.3 -99
3001 1994 333 15800 16.3 34.5 1.1 2.3 -99
3001 1994 334 16600 17.0 34.6 1.08 2.3 -99
3001 1994 335 19200 15.4 34.8 1.04 2.3 -99
3001 1994 336 19100 15.6 34.3 0.95 2.3 -99
3001 1994 337 19400 16.2 34.3 0.85 2.3 -99
3001 1994 338 19800 13.4 34.6 0.75 2.3 -99
3001 1994 339 19300 15.9 32.7 0.9 2.3 -99
3001 1994 340 18600 17.7 31.1 0.89 2.3 -99
3001 1994 341 19000 16.3 30.7 0.95 2.3 -99
3001 1994 342 18400 14.6 29.5 0.76 2.3 -99
3001 1994 343 18700 14.0 27.9 0.75 2.3 -99
3001 1994 344 18900 13.9 29.7 0.72 2.3 -99
3001 1994 345 18000 13.6 29.4 0.71 2.3 -99
3001 1994 346 20100 12.2 29.6 0.61 2.3 -99
3001 1994 347 18400 11.2 31.2 0.83 2.3 -99
3001 1994 348 12600 13.0 31.5 0.96 2.3 -99
3001 1994 349 16100 15.1 33.1 0.71 2.3 -99
3001 1994 350 11800 18.6 29.7 0.7 2.3 -99
3001 1994 351 12500 17.0 29.4 0.79 2.3 -99
3001 1994 352 18700 14.2 31.0 0.77 2.3 -99
3001 1994 353 17800 13.9 32.6 0.74 2.3 -99
3001 1994 354 18300 13.7 31.5 0.65 2.3 -99
3001 1994 355 16400 14.3 32.3 0.65 2.3 -99
3001 1994 356 19000 16.6 28.6 1.02 2.3 -99
3001 1994 357 15100 18.6 33.2 1.44 2.3 -99
3001 1994 358 18400 13.8 33.3 1.33 2.3 -99
3001 1994 359 11800 18.1 33.7 1.32 2.3 -99
3001 1994 360 18600 16.9 33.7 1.09 2.3 -99
3001 1994 361 12400 21.0 31.1 1.4 2.3 -99
3001 1994 362 16400 21.7 30.2 1.48 2.3 -99
3001 1994 363 12400 19.7 30.7 0.94 2.3 -99
3001 1994 364 14900 20.2 30.8 0.75 2.3 -99
3001 1994 365 18500 17.2 30.5 0.58 2.3 -99
