*---------------------------------------------------------*
*   Country: Senegal
*   Station: SEN_HUB_fanaye
*   Station #: 3001
*   Year: 1997
*   Source: AfricaRice; historical observed data (1991-1999,2006-2011, 2013,2014)
*   Author: Pepijn van Oort (AfricaRice). Original Script by Justin van Wart (University Nebraska)
*   Longitude: -14.80 (decimal degrees East)
*   Latitude: 16.53 (decimal degrees North)
*   Elevation: 11 m.
*
*  Columns:
*  ========
*  1 station number
*  2 year
*  3 day
*  4 irradiation (kJ m-2 d-1)
*  5 minimum temperature (degrees Celsius)
*  6 maximum temperature (degrees Celsius)
*  7 actual vapour pressure (kPa)   
*  8 mean wind speed (m s-1)
*  9 precipitation (mm d-1)
*
** WCCDESCRIPTION=Senegal, SEN_HUB_fanaye
** WCCFORMAT=2
** WCCYEARNR= 1997
*
* COMMENT - START
*   Filename: SEN3001.997
*   Source file: SEN_HUBHIST_Fanaye.xlsx; sheet: GYGAReady_public_propagation
*   Source file contains station data (black) and propagated data (red).
*   When station data are available these are filled in in the current file.
*   When station data are not available the method uses NASA data from the POWER database.
*   Tmin, Tmax and Tdew from the POWER database are corrected for bias based on empirical regression between POWER data and available station data.
* COMMENT - END
*---------------------------------------------------------*
-14.80  16.53  11  0  0
3001 1997 001 14100 18.6 32.9 1.28 2.3 0
3001 1997 002 9300 17.4 31.0 1.66 2.3 0
3001 1997 003 12700 15.3 30.6 1.91 2.3 0
3001 1997 004 14900 19.3 33.6 1.58 2.3 0
3001 1997 005 16300 18.8 34.0 1.13 2.3 0
3001 1997 006 16500 15.3 34.7 1.26 2.3 0
3001 1997 007 18500 11.9 34.2 1.23 2.3 0
3001 1997 008 16700 16.0 33.2 1.12 2.3 0
3001 1997 009 16600 11.2 35.0 1.06 2.3 0
3001 1997 010 17300 17.5 33.7 1.1 2.3 0
3001 1997 011 14200 19.1 27.0 1.1 2.3 0
3001 1997 012 19500 18.7 30.6 1.23 2.3 0
3001 1997 013 16400 15.2 34.0 1.31 2.3 0
3001 1997 014 18700 13.0 32.9 1.95 2.3 0
3001 1997 015 18600 15.7 29.7 1.61 2.3 0
3001 1997 016 20000 16.0 30.1 1.48 2.3 0
3001 1997 017 19900 12.9 32.9 1.32 2.3 0
3001 1997 018 19600 15.7 33.6 0.88 2.3 0
3001 1997 019 20000 15.6 34.3 0.97 2.3 0
3001 1997 020 20100 15.8 36.4 0.93 2.3 0
3001 1997 021 11600 18.3 29.0 1.3 2.3 0
3001 1997 022 21400 14.1 26.5 1.53 2.3 0
3001 1997 023 14600 13.7 25.0 1.2 2.3 0
3001 1997 024 21400 10.9 28.7 1.04 2.3 0
3001 1997 025 22500 13.2 29.7 0.95 2.3 0
3001 1997 026 22800 11.1 32.1 0.99 2.3 0
3001 1997 027 20500 13.3 35.3 0.94 2.3 0
3001 1997 028 20500 14.4 34.9 0.85 2.3 0
3001 1997 029 18600 18.2 34.4 0.77 2.3 0
3001 1997 030 14800 17.7 35.5 0.7 2.3 0
3001 1997 031 13000 16.2 36.8 0.76 2.3 0
3001 1997 032 17400 20.2 34.4 0.75 2.3 0
3001 1997 033 20000 19.0 34.2 0.7 2.3 0
3001 1997 034 21200 18.0 36.8 0.62 2.3 0
3001 1997 035 19900 16.6 36.8 0.63 2.3 0
3001 1997 036 20000 16.0 36.9 0.81 2.3 0
3001 1997 037 19800 19.3 36.9 0.85 2.3 0
3001 1997 038 18300 18.7 37.1 0.82 2.3 0
3001 1997 039 19300 19.0 37.8 0.93 2.3 0
3001 1997 040 17900 21.2 35.9 0.92 2.3 0
3001 1997 041 19900 21.5 36.7 0.96 2.3 0
3001 1997 042 15100 21.4 35.6 1.1 2.3 0
3001 1997 043 21200 16.1 38.5 1.02 2.3 0
3001 1997 044 20800 14.8 38.3 0.92 2.3 0
3001 1997 045 17000 26.5 36.9 0.76 2.3 0
3001 1997 046 20000 21.2 34.8 0.73 2.3 0
3001 1997 047 22800 15.0 37.5 0.8 2.3 0
3001 1997 048 23100 19.1 35.3 0.56 2.3 0
3001 1997 049 15000 13.9 35.3 0.5 2.3 0
3001 1997 050 25000 12.0 36.8 0.53 2.3 0
3001 1997 051 22100 16.7 37.3 0.61 2.3 0
3001 1997 052 23300 16.8 38.3 0.65 2.3 0
3001 1997 053 22600 19.8 36.2 0.71 2.3 0
3001 1997 054 23900 16.0 36.8 0.72 2.3 0
3001 1997 055 24000 15.4 37.3 0.75 2.3 0
3001 1997 056 25800 16.4 37.5 0.81 2.3 0
3001 1997 057 24400 16.3 37.8 0.78 2.3 0
3001 1997 058 24000 17.4 36.5 0.66 2.3 0
3001 1997 059 24100 13.7 36.4 0.75 2.3 0
3001 1997 060 25800 15.9 37.8 0.63 2.3 0
3001 1997 061 20200 20.2 37.2 0.75 2.3 0
3001 1997 062 22100 22.6 38.4 0.89 2.3 0
3001 1997 063 20900 22.9 36.4 0.67 2.3 0
3001 1997 064 22600 18.6 35.1 0.48 2.3 0
3001 1997 065 24100 14.6 35.2 0.63 2.3 0
3001 1997 066 19400 20.4 33.9 0.6 2.3 0
3001 1997 067 24600 19.2 37.5 0.78 2.3 0
3001 1997 068 14700 19.9 35.8 0.78 2.3 0
3001 1997 069 23300 22.0 38.0 1.31 2.3 0
3001 1997 070 25900 16.9 38.0 1.24 2.3 0
3001 1997 071 23900 20.5 35.9 0.92 2.3 0
3001 1997 072 25100 19.5 33.1 0.48 2.3 0
3001 1997 073 25800 18.3 32.2 0.63 2.3 0
3001 1997 074 26200 15.0 31.6 0.74 2.3 0
3001 1997 075 29400 13.9 33.4 0.7 2.3 0
3001 1997 076 25700 14.0 34.3 0.58 2.3 0
3001 1997 077 28700 11.2 35.6 0.51 2.3 0
3001 1997 078 27900 16.1 36.5 0.74 2.3 0
3001 1997 079 27300 14.4 38.2 0.74 2.3 0
3001 1997 080 27400 14.4 38.0 0.57 2.3 0
3001 1997 081 26200 18.1 36.9 0.84 2.3 0
3001 1997 082 23700 18.5 32.2 1.02 2.3 0
3001 1997 083 24600 16.6 31.7 1.3 2.3 0
3001 1997 084 25600 17.4 32.4 1.13 2.3 0
3001 1997 085 24800 17.2 32.8 1.08 2.3 0
3001 1997 086 27500 15.3 33.0 1.22 2.3 0
3001 1997 087 27300 15.8 33.1 1.04 2.3 0
3001 1997 088 25700 15.8 30.8 1.43 2.3 0
3001 1997 089 26800 16.7 32.0 1.53 2.3 0
3001 1997 090 26600 17.6 34.1 1.58 2.3 0
3001 1997 091 26000 18.7 36.5 1.48 2.3 0
3001 1997 092 26100 18.7 36.4 1.24 2.3 0
3001 1997 093 26300 17.8 34.1 1.5 2.3 0
3001 1997 094 27100 16.7 31.5 1.83 2.3 0
3001 1997 095 27100 15.8 33.5 1.9 2.3 0
3001 1997 096 26500 18.2 35.1 1.85 2.3 0
3001 1997 097 27200 18.2 37.2 1.45 2.3 0
3001 1997 098 28700 18.1 37.5 1.13 2.3 0
3001 1997 099 27200 18.2 38.2 1.17 2.3 0
3001 1997 100 25100 20.7 29.0 1.23 2.3 0
3001 1997 101 26900 19.5 40.0 1.38 2.3 0
3001 1997 102 26500 22.2 41.8 1.24 2.3 0
3001 1997 103 27500 20.3 41.2 1.35 2.3 0
3001 1997 104 27800 20.3 38.9 1.13 2.3 0
3001 1997 105 28200 20.0 38.8 1.17 2.3 0
3001 1997 106 27000 18.8 38.6 1.13 2.3 0
3001 1997 107 27100 18.8 36.7 1.34 2.3 0
3001 1997 108 27400 17.8 37.2 1.5 2.3 0
3001 1997 109 28200 17.3 37.6 1.64 2.3 0
3001 1997 110 28100 17.7 37.8 1.54 2.3 0
3001 1997 111 26000 18.3 37.3 1.21 2.3 0
3001 1997 112 23500 20.6 36.7 1.13 2.3 0
3001 1997 113 25600 18.4 37.4 1.17 2.3 0
3001 1997 114 27400 17.9 38.3 1.31 2.3 0
3001 1997 115 24700 16.9 39.5 1.1 2.3 0
3001 1997 116 27700 17.7 41.4 0.85 2.3 0
3001 1997 117 27100 23.1 42.5 0.97 2.3 0
3001 1997 118 27500 20.8 42.8 1 2.3 0
3001 1997 119 27400 20.7 41.6 0.9 2.3 0
3001 1997 120 27700 20.8 41.6 0.83 2.3 0
3001 1997 121 28200 19.4 41.4 1.04 2.3 0
3001 1997 122 27600 19.4 41.7 1.1 2.3 0
3001 1997 123 28900 19.1 41.8 0.76 2.3 0
3001 1997 124 28700 20.3 43.3 0.8 2.3 0
3001 1997 125 26700 22.2 42.9 0.92 2.3 0
3001 1997 126 25300 23.6 42.0 0.92 2.3 0
3001 1997 127 28000 21.4 43.5 0.88 2.3 0
3001 1997 128 26600 23.6 41.8 1.46 2.3 0
3001 1997 129 25300 24.4 39.6 1.93 2.3 0
3001 1997 130 19700 26.8 37.7 1.71 2.3 3
3001 1997 131 17700 25.6 37.3 1.42 2.3 0
3001 1997 132 16200 23.1 38.7 1.53 2.3 0
3001 1997 133 24100 27.2 41.9 1.49 2.3 0
3001 1997 134 25000 25.8 43.1 1.67 2.3 0
3001 1997 135 24700 23.7 39.8 1.53 2.3 0
3001 1997 136 24700 23.4 40.6 1.16 2.3 0
3001 1997 137 25900 22.1 40.5 1.44 2.3 0
3001 1997 138 26100 22.2 41.7 1.48 2.3 0
3001 1997 139 26600 21.5 42.2 1.48 2.3 0
3001 1997 140 24400 27.4 43.0 1.48 2.3 0
3001 1997 141 27600 24.6 40.3 1.65 2.3 0
3001 1997 142 24700 24.4 41.0 1.68 2.3 0
3001 1997 143 25400 26.1 42.8 1.54 2.3 0
3001 1997 144 21600 24.9 43.4 1.47 2.3 0
3001 1997 145 25700 24.2 43.5 1.61 2.3 0
3001 1997 146 23500 23.0 44.2 1.87 2.3 3
3001 1997 147 11600 23.7 34.1 2.01 2.3 0
3001 1997 148 13400 27.8 40.7 1.94 2.3 0
3001 1997 149 20100 29.8 41.8 2.13 2.3 0
3001 1997 150 13600 29.3 38.7 2.03 2.3 0
3001 1997 151 14400 29.0 40.1 2.03 2.3 1
3001 1997 152 18500 24.7 40.8 2 2.3 0
3001 1997 153 18800 23.4 38.9 1.73 2.3 0
3001 1997 154 21500 24.5 41.3 1.9 2.3 0
3001 1997 155 21100 29.7 41.2 1.71 2.3 0
3001 1997 156 11800 27.5 40.3 1.98 2.3 0
3001 1997 157 18400 26.5 40.2 2.51 2.3 0
3001 1997 158 16300 24.4 36.7 1.76 2.3 0
3001 1997 159 18600 26.9 43.8 3.23 2.3 0
3001 1997 160 22900 25.5 40.8 2.88 2.3 5
3001 1997 161 21400 25.0 41.4 1.52 2.3 0
3001 1997 162 20500 26.7 44.2 1.76 2.3 0
3001 1997 163 22500 24.5 41.2 2.2 2.3 0
3001 1997 164 24000 22.8 37.4 1.98 2.3 0
3001 1997 165 23500 22.9 37.8 2.24 2.3 0
3001 1997 166 24600 24.3 41.5 2.52 2.3 0
3001 1997 167 22300 25.7 41.6 2.33 2.3 0
3001 1997 168 23900 27.9 42.3 3.57 2.3 0
3001 1997 169 22400 21.1 39.5 3.55 2.3 4
3001 1997 170 11900 23.1 34.1 2.81 2.3 0
3001 1997 171 24400 23.9 37.0 2.24 2.3 0
3001 1997 172 23400 24.1 39.1 1.85 2.3 0
3001 1997 173 20200 24.7 41.6 1.87 2.3 0
3001 1997 174 24300 25.8 42.9 2.17 2.3 0
3001 1997 175 24100 24.3 41.4 1.66 2.3 0
3001 1997 176 24400 25.3 43.2 1.77 2.3 0
3001 1997 177 24400 26.5 43.0 2.66 2.3 0
3001 1997 178 23800 25.3 38.4 3.21 2.3 9
3001 1997 179 22600 24.2 38.4 3.19 2.3 0
3001 1997 180 23900 24.7 37.1 2.11 2.3 0
3001 1997 181 24800 25.3 39.4 2.11 2.3 0
3001 1997 182 25100 26.6 40.9 2.75 2.3 0
3001 1997 183 23800 24.5 37.7 2.24 2.3 0
3001 1997 184 24400 24.4 38.2 1.85 2.3 0
3001 1997 185 23200 27.2 39.7 2.83 2.3 0
3001 1997 186 22400 25.9 39.7 2.21 2.3 0
3001 1997 187 24400 25.3 42.0 1.63 2.3 0
3001 1997 188 25100 25.0 43.6 2.24 2.3 0
3001 1997 189 23200 25.6 37.9 3.51 2.3 4
3001 1997 190 22100 24.3 37.7 3.57 2.3 0
3001 1997 191 24800 22.8 37.3 2.78 2.3 0
3001 1997 192 20400 24.1 36.2 2.73 2.3 0
3001 1997 193 22800 25.3 38.3 2.24 2.3 0
3001 1997 194 25500 24.2 42.4 1.61 2.3 0
3001 1997 195 26100 24.4 44.4 1.71 2.3 0
3001 1997 196 25400 24.3 44.3 1.47 2.3 0
3001 1997 197 24800 25.1 44.3 2.01 2.3 0
3001 1997 198 25500 24.8 39.3 2.7 2.3 0
3001 1997 199 24600 25.0 38.0 3.1 2.3 0
3001 1997 200 21800 24.6 35.8 3.06 2.3 0
3001 1997 201 22900 24.8 36.8 2.95 2.3 0
3001 1997 202 21700 25.2 38.0 2.95 2.3 6
3001 1997 203 24300 22.2 39.0 3.04 2.3 0
3001 1997 204 24000 25.2 38.2 2.28 2.3 0
3001 1997 205 25500 25.3 42.1 2.23 2.3 0
3001 1997 206 25700 27.4 40.9 2.97 2.3 0
3001 1997 207 24700 26.8 41.2 3.66 2.3 0
3001 1997 208 24000 26.5 40.0 3.51 2.3 0
3001 1997 209 23100 25.4 36.7 3.29 2.3 0
3001 1997 210 23300 25.7 37.2 3.12 2.3 0
3001 1997 211 23100 25.8 39.6 2.93 2.3 0
3001 1997 212 21800 24.1 38.0 2.57 2.3 0
3001 1997 213 21700 23.8 35.4 2.38 2.3 0
3001 1997 214 19400 24.6 34.7 2.9 2.3 0
3001 1997 215 16300 22.8 32.5 2.83 2.3 0
3001 1997 216 25300 24.2 36.4 2.4 2.3 0
3001 1997 217 25600 25.1 39.6 2.81 2.3 0
3001 1997 218 24400 25.8 40.4 2.49 2.3 0
3001 1997 219 24600 25.6 44.2 2.3 2.3 0
3001 1997 220 24700 24.8 43.3 2.11 2.3 0
3001 1997 221 25100 23.2 38.2 2.7 2.3 0
3001 1997 222 24900 22.9 35.5 2.41 2.3 0
3001 1997 223 22400 23.1 34.4 2.38 2.3 0
3001 1997 224 25300 24.9 39.3 2.6 2.3 0
3001 1997 225 24700 25.5 40.3 3.29 2.3 0
3001 1997 226 22700 26.7 37.8 3.74 2.3 0
3001 1997 227 23200 23.1 40.4 3.45 2.3 5
3001 1997 228 20700 25.1 36.0 3.29 2.3 0
3001 1997 229 24600 25.1 37.8 3.02 2.3 0
3001 1997 230 24500 25.4 38.4 2.88 2.3 0
3001 1997 231 24100 24.3 36.2 2.85 2.3 0
3001 1997 232 24700 26.1 36.1 3.33 2.3 1
3001 1997 233 20300 25.5 35.5 3.66 2.3 8
3001 1997 234 18300 24.7 35.3 3.85 2.3 2
3001 1997 235 19500 24.1 35.8 3.74 2.3 27
3001 1997 236 11900 24.9 29.3 3.72 2.3 24
3001 1997 237 16000 25.1 34.8 3.9 2.3 5
3001 1997 238 22600 25.5 35.1 3.79 2.3 3
3001 1997 239 11400 22.8 33.5 3.74 2.3 4
3001 1997 240 15000 24.6 31.0 3.64 2.3 0
3001 1997 241 23000 26.0 36.4 3.72 2.3 0
3001 1997 242 22500 27.7 39.0 3.68 2.3 4
3001 1997 243 17100 24.1 41.3 3.79 2.3 12
3001 1997 244 21700 24.7 36.3 3.68 2.3 0
3001 1997 245 23800 24.6 35.1 3.57 2.3 0
3001 1997 246 22700 25.8 37.4 3.59 2.3 0
3001 1997 247 22300 26.2 37.8 3.59 2.3 5
3001 1997 248 13700 25.6 32.0 3.61 2.3 0
3001 1997 249 16500 24.3 33.9 3.66 2.3 2
3001 1997 250 21100 22.5 34.5 3.57 2.3 17
3001 1997 251 24300 25.1 34.0 3.53 2.3 0
3001 1997 252 23600 26.0 36.6 3.66 2.3 0
3001 1997 253 22900 25.7 36.7 3.72 2.3 0
3001 1997 254 21800 25.7 35.7 3.59 2.3 0
3001 1997 255 18200 20.8 36.0 3.57 2.3 24
3001 1997 256 9400 21.4 27.3 3.49 2.3 0
3001 1997 257 21700 26.7 35.1 3.23 2.3 0
3001 1997 258 10900 28.2 38.0 2.76 2.3 0
3001 1997 259 19000 25.4 36.0 3.19 2.3 0
3001 1997 260 21300 27.3 37.8 3.21 2.3 0
3001 1997 261 16500 23.2 34.2 2.83 2.3 0
3001 1997 262 23500 24.5 36.5 3.1 2.3 0
3001 1997 263 19600 25.7 35.4 3.51 2.3 0
3001 1997 264 21000 26.4 36.4 3.39 2.3 0
3001 1997 265 22700 26.0 36.1 2.68 2.3 0
3001 1997 266 22200 26.0 39.4 2.6 2.3 0
3001 1997 267 21800 22.2 39.1 2.09 2.3 0
3001 1997 268 15300 23.1 38.0 1.87 2.3 1
3001 1997 269 17400 23.3 36.2 2.54 2.3 1
3001 1997 270 19200 19.9 34.0 3.21 2.3 0
3001 1997 271 19500 23.2 34.7 3.21 2.3 0
3001 1997 272 20800 23.1 31.5 3.68 2.3 0
3001 1997 273 21600 22.6 34.7 3.14 2.3 0
3001 1997 274 20200 22.9 37.9 2.66 2.3 0
3001 1997 275 21500 24.8 38.4 2.63 2.3 0
3001 1997 276 21700 24.6 39.5 2.51 2.3 0
3001 1997 277 19900 25.8 39.5 2.15 2.3 0
3001 1997 278 22900 26.0 39.8 1.88 2.3 0
3001 1997 279 21600 24.8 38.1 2.31 2.3 0
3001 1997 280 20200 22.1 30.3 3.57 2.3 0
3001 1997 281 19800 21.7 30.9 3.66 2.3 0
3001 1997 282 21600 20.4 31.0 3.53 2.3 0
3001 1997 283 21900 21.9 31.4 3.57 2.3 0
3001 1997 284 20500 20.9 31.4 3.47 2.3 0
3001 1997 285 22100 21.6 31.8 3.47 2.3 0
3001 1997 286 21700 22.0 32.5 3.29 2.3 0
3001 1997 287 21500 21.9 35.9 2.93 2.3 0
3001 1997 288 19600 21.8 37.5 2.34 2.3 0
3001 1997 289 18300 22.2 38.5 1.85 2.3 0
3001 1997 290 14800 23.9 36.8 2.13 2.3 0
3001 1997 291 15800 23.8 35.2 2.46 2.3 2
3001 1997 292 19400 23.4 36.6 2.7 2.3 0
3001 1997 293 17600 23.4 37.2 2.54 2.3 0
3001 1997 294 21300 22.9 38.3 1.62 2.3 0
3001 1997 295 21200 21.2 37.7 1.4 2.3 0
3001 1997 296 20700 20.9 37.6 1.42 2.3 0
3001 1997 297 19600 21.4 37.3 1.73 2.3 0
3001 1997 298 19900 22.9 38.5 1.9 2.3 0
3001 1997 299 20300 24.0 39.9 1.74 2.3 0
3001 1997 300 14700 23.8 39.5 1.66 2.3 0
3001 1997 301 20100 23.8 39.6 1.49 2.3 0
3001 1997 302 19700 23.1 39.4 1.33 2.3 0
3001 1997 303 18900 23.4 39.6 1.36 2.3 0
3001 1997 304 15000 23.1 37.9 1.45 2.3 0
3001 1997 305 20300 22.8 38.5 1.38 2.3 0
3001 1997 306 18100 23.0 38.9 1.37 2.3 0
3001 1997 307 17000 20.2 38.8 1.2 2.3 0
3001 1997 308 19700 23.4 38.6 1.24 2.3 0
3001 1997 309 21300 21.0 38.5 1.28 2.3 0
3001 1997 310 20200 21.3 37.8 1.3 2.3 0
3001 1997 311 19900 22.2 37.4 1.39 2.3 0
3001 1997 312 20000 22.8 36.8 1.62 2.3 0
3001 1997 313 18300 22.6 37.6 1.48 2.3 0
3001 1997 314 19000 22.8 37.6 1.38 2.3 0
3001 1997 315 19000 22.3 37.4 1.34 2.3 0
3001 1997 316 18900 23.0 37.5 1.38 2.3 0
3001 1997 317 17600 22.5 37.7 1.52 2.3 0
3001 1997 318 17700 22.7 37.9 1.45 2.3 0
3001 1997 319 18600 22.1 37.0 1.62 2.3 0
3001 1997 320 17900 24.1 38.8 1.61 2.3 0
3001 1997 321 16500 22.3 37.8 1.24 2.3 0
3001 1997 322 19600 21.4 37.2 1.25 2.3 0
3001 1997 323 19500 21.2 35.8 1.26 2.3 0
3001 1997 324 19100 20.4 35.2 1.25 2.3 0
3001 1997 325 19000 18.9 35.0 1.24 2.3 0
3001 1997 326 18600 18.8 35.8 1.13 2.3 0
3001 1997 327 18000 19.1 34.9 1.03 2.3 0
3001 1997 328 15800 18.5 34.0 0.97 2.3 0
3001 1997 329 12800 19.0 34.2 1 2.3 0
3001 1997 330 15400 19.7 33.6 0.91 2.3 0
3001 1997 331 16500 18.8 33.1 0.95 2.3 0
3001 1997 332 14500 17.3 33.1 1.25 2.3 0
3001 1997 333 17900 18.8 34.9 1.34 2.3 0
3001 1997 334 17400 19.3 34.8 1.1 2.3 0
3001 1997 335 17600 19.5 35.5 1.13 2.3 0
3001 1997 336 17100 18.9 34.6 1.1 2.3 0
3001 1997 337 9500 18.8 35.0 1.11 2.3 0
3001 1997 338 17000 20.7 36.0 1.17 2.3 0
3001 1997 339 15800 18.8 34.9 1.2 2.3 0
3001 1997 340 16100 19.3 34.3 1.2 2.3 0
3001 1997 341 6900 18.6 32.1 1.46 2.3 0
3001 1997 342 17000 18.0 31.9 1.09 2.3 0
3001 1997 343 17200 17.0 31.4 0.99 2.3 0
3001 1997 344 14700 15.4 31.1 0.97 2.3 0
3001 1997 345 11100 16.6 31.5 0.76 2.3 0
3001 1997 346 16600 15.8 31.8 0.81 2.3 0
3001 1997 347 16100 14.9 32.0 0.72 2.3 0
3001 1997 348 16500 14.3 31.9 0.75 2.3 0
3001 1997 349 15800 13.9 32.1 0.67 2.3 0
3001 1997 350 17000 12.6 32.5 0.69 2.3 0
3001 1997 351 17200 13.0 33.3 0.74 2.3 0
3001 1997 352 16300 13.4 33.1 0.81 2.3 0
3001 1997 353 16400 14.1 34.0 0.86 2.3 0
3001 1997 354 16300 14.9 34.0 0.9 2.3 0
3001 1997 355 16400 14.3 34.0 0.92 2.3 0
3001 1997 356 16300 15.0 34.2 1.1 2.3 0
3001 1997 357 16000 16.0 34.0 1.16 2.3 0
3001 1997 358 16500 16.8 33.4 1.1 2.3 0
3001 1997 359 16400 16.2 29.4 1.03 2.3 0
3001 1997 360 16300 14.2 30.0 1.16 2.3 0
3001 1997 361 16500 14.1 31.0 0.81 2.3 0
3001 1997 362 16300 14.7 31.4 0.74 2.3 0
3001 1997 363 16600 12.5 31.0 0.8 2.3 0
3001 1997 364 16400 11.1 30.7 0.87 2.3 0
3001 1997 365 17300 11.5 30.8 0.85 2.3 0
