*---------------------------------------------------------*
*   Country: Senegal
*   Station: SEN_HUB_fanaye
*   Station #: 3001
*   Year: 1999
*   Source: AfricaRice; historical observed data (1991-1999,2006-2011, 2013,2014)
*   Author: Pepijn van Oort (AfricaRice). Original Script by Justin van Wart (University Nebraska)
*   Longitude: -14.80 (decimal degrees East)
*   Latitude: 16.53 (decimal degrees North)
*   Elevation: 11 m.
*
*  Columns:
*  ========
*  1 station number
*  2 year
*  3 day
*  4 irradiation (kJ m-2 d-1)
*  5 minimum temperature (degrees Celsius)
*  6 maximum temperature (degrees Celsius)
*  7 actual vapour pressure (kPa)   
*  8 mean wind speed (m s-1)
*  9 precipitation (mm d-1)
*
** WCCDESCRIPTION=Senegal, SEN_HUB_fanaye
** WCCFORMAT=2
** WCCYEARNR= 1999
*
* COMMENT - START
*   Filename: SEN3001.999
*   Source file: SEN_HUBHIST_Fanaye.xlsx; sheet: GYGAReady_public_propagation
*   Source file contains station data (black) and propagated data (red).
*   When station data are available these are filled in in the current file.
*   When station data are not available the method uses NASA data from the POWER database.
*   Tmin, Tmax and Tdew from the POWER database are corrected for bias based on empirical regression between POWER data and available station data.
* COMMENT - END
*---------------------------------------------------------*
-14.80  16.53  11  0  0
3001 1999 001 21000 9.9 27.9 0.76 2.3 0
3001 1999 002 20900 12.4 27.7 0.81 2.3 0
3001 1999 003 21300 7.2 29.5 0.81 2.3 0
3001 1999 004 20700 9.7 31.1 1.15 2.3 0
3001 1999 005 17600 11.6 32.2 1.07 2.3 0
3001 1999 006 12400 12.6 32.0 1 2.3 0
3001 1999 007 16000 16.6 31.2 1.15 2.3 0
3001 1999 008 13100 15.9 26.4 1.82 2.3 0
3001 1999 009 16000 14.0 28.9 1.82 2.3 0
3001 1999 010 19000 14.4 29.7 1.71 2.3 0
3001 1999 011 17200 15.0 29.5 1.6 2.3 0
3001 1999 012 18000 14.0 29.4 1.07 2.3 0
3001 1999 013 18600 13.8 27.6 1.23 2.3 0
3001 1999 014 20600 12.4 26.7 1.4 2.3 0
3001 1999 015 21400 12.9 26.5 1.31 2.3 0
3001 1999 016 21400 9.6 28.0 0.87 2.3 0
3001 1999 017 20500 13.1 31.3 0.76 2.3 0
3001 1999 018 19400 14.9 31.7 0.71 2.3 0
3001 1999 019 21600 14.1 29.9 0.71 2.3 0
3001 1999 020 22300 13.1 30.2 0.81 2.3 0
3001 1999 021 22100 8.3 31.2 0.81 2.3 0
3001 1999 022 23400 11.1 29.3 0.53 2.3 0
3001 1999 023 23500 11.2 29.6 0.61 2.3 0
3001 1999 024 22700 10.9 28.8 0.61 2.3 0
3001 1999 025 18700 11.4 28.8 0.87 2.3 0
3001 1999 026 21300 12.7 30.8 0.76 2.3 0
3001 1999 027 18800 14.1 29.2 0.66 2.3 0
3001 1999 028 17400 14.4 28.1 0.66 2.3 0
3001 1999 029 17600 12.7 28.6 0.61 2.3 0
3001 1999 030 23000 9.4 31.7 0.57 2.3 0
3001 1999 031 23800 10.8 33.4 0.61 2.3 0
3001 1999 032 22900 9.1 34.2 0.71 2.3 0
3001 1999 033 24400 10.5 34.1 0.66 2.3 0
3001 1999 034 24700 7.6 34.2 0.76 2.3 0
3001 1999 035 22400 8.6 34.2 0.81 2.3 0
3001 1999 036 14000 19.3 27.2 0.49 2.3 0
3001 1999 037 19900 14.3 27.5 0.39 2.3 0
3001 1999 038 22600 13.6 27.6 0.39 2.3 0
3001 1999 039 24600 8.6 29.0 0.42 2.3 0
3001 1999 040 25100 9.2 31.6 0.66 2.3 0
3001 1999 041 25700 9.4 34.3 0.71 2.3 0
3001 1999 042 25100 9.3 35.7 0.81 2.3 0
3001 1999 043 24800 10.4 35.9 0.81 2.3 0
3001 1999 044 24700 11.6 35.7 0.94 2.3 0
3001 1999 045 24200 15.4 34.3 0.94 2.3 0
3001 1999 046 25300 10.8 32.6 1 2.3 0
3001 1999 047 25400 14.0 30.4 0.81 2.3 0
3001 1999 048 24700 12.3 30.8 0.87 2.3 0
3001 1999 049 24500 12.6 30.5 0.61 2.3 0
3001 1999 050 25400 14.6 30.5 0.53 2.3 0
3001 1999 051 23600 14.0 29.6 0.45 2.3 0
3001 1999 052 24700 14.1 29.9 0.49 2.3 0
3001 1999 053 24700 13.7 29.8 0.57 2.3 0
3001 1999 054 26900 12.5 31.8 0.53 2.3 0
3001 1999 055 26500 11.2 33.4 0.57 2.3 0
3001 1999 056 25400 13.2 35.4 0.66 2.3 0
3001 1999 057 27000 9.9 37.9 0.76 2.3 0
3001 1999 058 24800 13.9 37.1 0.71 2.3 0
3001 1999 059 22400 20.2 33.4 0.71 2.3 0
3001 1999 060 22000 18.2 31.6 0.81 2.3 0
3001 1999 061 16600 16.5 30.8 0.81 2.3 0
3001 1999 062 26100 17.9 33.2 0.81 2.3 0
3001 1999 063 27100 9.7 33.9 0.87 2.3 0
3001 1999 064 26700 17.4 34.6 0.57 2.3 0
3001 1999 065 27200 14.3 36.7 0.57 2.3 0
3001 1999 066 22300 12.7 35.9 0.61 2.3 0
3001 1999 067 24300 19.6 37.9 0.76 2.3 0
3001 1999 068 25900 16.7 38.1 1 2.3 0
3001 1999 069 27400 17.0 35.4 1.4 2.3 0
3001 1999 070 27100 17.9 32.2 1.5 2.3 0
3001 1999 071 28000 16.7 33.6 1.5 2.3 0
3001 1999 072 29200 14.5 34.7 1.23 2.3 0
3001 1999 073 27800 16.1 33.5 1.4 2.3 0
3001 1999 074 28100 16.7 34.5 1.5 2.3 0
3001 1999 075 26100 15.6 34.6 1.23 2.3 0
3001 1999 076 26700 15.2 35.6 0.81 2.3 0
3001 1999 077 26000 15.9 37.3 1 2.3 0
3001 1999 078 26700 17.6 40.2 1.07 2.3 0
3001 1999 079 27800 16.2 39.8 1.23 2.3 0
3001 1999 080 26400 17.7 40.7 1.6 2.3 0
3001 1999 081 26200 19.0 41.9 1.6 2.3 0
3001 1999 082 25300 20.7 41.7 1.71 2.3 0
3001 1999 083 25500 19.6 37.3 1.71 2.3 0
3001 1999 084 25800 18.3 38.6 1.82 2.3 0
3001 1999 085 25000 19.1 36.6 1.82 2.3 0
3001 1999 086 20900 18.6 32.5 1.23 2.3 0
3001 1999 087 24100 20.5 33.8 0.81 2.3 0
3001 1999 088 27300 15.7 36.2 0.76 2.3 0
3001 1999 089 27100 16.1 40.1 1.23 2.3 0
3001 1999 090 26900 18.3 40.5 1.4 2.3 0
3001 1999 091 26900 19.1 38.7 1.6 2.3 0
3001 1999 092 27100 18.9 39.2 1.71 2.3 0
3001 1999 093 26000 19.3 40.8 1.5 2.3 0
3001 1999 094 26900 18.3 42.3 1.31 2.3 0
3001 1999 095 27300 20.0 41.3 1.6 2.3 0
3001 1999 096 27600 18.3 42.0 1.82 2.3 0
3001 1999 097 26100 18.5 40.6 1.31 2.3 0
3001 1999 098 26500 20.8 40.6 0.81 2.3 0
3001 1999 099 23600 18.1 40.6 1.07 2.3 0
3001 1999 100 24400 20.4 40.5 1.4 2.3 1
3001 1999 101 21300 20.8 35.9 1.94 2.3 0
3001 1999 102 17400 22.1 37.4 1.94 2.3 0
3001 1999 103 25100 21.7 40.7 1.71 2.3 0
3001 1999 104 26000 19.9 38.2 1.82 2.3 0
3001 1999 105 26800 17.5 34.6 2.34 2.3 0
3001 1999 106 26800 17.2 34.4 2.2 2.3 0
3001 1999 107 27800 19.5 37.9 1.5 2.3 0
3001 1999 108 26900 19.2 38.8 1.31 2.3 0
3001 1999 109 22000 19.9 38.9 1.4 2.3 0
3001 1999 110 28600 18.7 38.9 1.82 2.3 0
3001 1999 111 24800 19.4 37.6 1.5 2.3 0
3001 1999 112 23800 18.9 36.5 1.4 2.3 0
3001 1999 113 24900 18.0 37.2 1.15 2.3 0
3001 1999 114 29000 18.2 39.3 0.87 2.3 0
3001 1999 115 27500 18.8 40.4 0.81 2.3 0
3001 1999 116 24700 20.9 41.7 0.87 2.3 0
3001 1999 117 27600 22.0 42.3 1.07 2.3 0
3001 1999 118 25500 21.4 42.1 1 2.3 0
3001 1999 119 18100 21.5 42.0 0.87 2.3 0
3001 1999 120 20300 20.6 41.7 1.07 2.3 0
3001 1999 121 27800 19.1 41.7 1.23 2.3 0
3001 1999 122 27100 20.2 40.9 1.4 2.3 0
3001 1999 123 28400 19.8 41.0 1.4 2.3 0
3001 1999 124 27900 20.2 41.2 1.31 2.3 0
3001 1999 125 26400 21.9 40.5 1.23 2.3 0
3001 1999 126 27100 17.1 42.5 1.15 2.3 0
3001 1999 127 28600 20.4 43.6 1.71 2.3 0
3001 1999 128 28500 21.4 44.5 1.94 2.3 0
3001 1999 129 28400 20.6 42.9 2.2 2.3 0
3001 1999 130 28500 19.8 41.6 2.2 2.3 0
3001 1999 131 28400 18.5 41.5 2.34 2.3 0
3001 1999 132 28700 18.9 44.4 2.49 2.3 0
3001 1999 133 26500 21.0 45.8 2.2 2.3 0
3001 1999 134 24900 22.1 36.5 2.49 2.3 0
3001 1999 135 25600 20.9 37.5 2.65 2.3 0
3001 1999 136 25600 20.1 36.1 2.65 2.3 0
3001 1999 137 23500 20.0 36.3 2.49 2.3 0
3001 1999 138 25700 20.9 37.9 2.34 2.3 0
3001 1999 139 25200 21.7 41.0 2.2 2.3 0
3001 1999 140 20500 25.3 40.9 2.2 2.3 0
3001 1999 141 23500 23.6 44.8 2.07 2.3 0
3001 1999 142 15700 27.2 45.7 1.5 2.3 0
3001 1999 143 25300 24.3 43.3 2.65 2.3 0
3001 1999 144 26200 22.2 44.0 1.94 2.3 0
3001 1999 145 28900 21.4 41.4 1.82 2.3 0
3001 1999 146 28500 19.4 39.6 2.2 2.3 0
3001 1999 147 27700 19.6 38.2 2.34 2.3 0
3001 1999 148 26900 19.4 39.4 2.49 2.3 0
3001 1999 149 27400 21.6 45.5 2.2 2.3 0
3001 1999 150 26200 21.3 39.2 2.49 2.3 0
3001 1999 151 23600 23.6 38.8 2.65 2.3 0
3001 1999 152 24700 22.4 41.5 2.65 2.3 0
3001 1999 153 22900 23.0 41.4 2.49 2.3 0
3001 1999 154 20200 24.0 41.7 2.81 2.3 0
3001 1999 155 24900 24.1 40.1 2.81 2.3 0
3001 1999 156 25800 22.3 42.2 2.99 2.3 0
3001 1999 157 20500 23.4 35.5 2.81 2.3 0
3001 1999 158 21500 24.1 36.2 2.99 2.3 0
3001 1999 159 24600 23.0 39.2 2.65 2.3 0
3001 1999 160 24600 23.0 38.9 2.81 2.3 0
3001 1999 161 24700 25.2 40.8 2.65 2.3 0
3001 1999 162 24900 23.6 43.7 2.81 2.3 0
3001 1999 163 24400 24.3 41.5 2.81 2.3 0
3001 1999 164 25100 24.6 42.1 2.99 2.3 0
3001 1999 165 23200 24.0 38.6 2.99 2.3 0
3001 1999 166 22500 26.9 39.6 2.65 2.3 0
3001 1999 167 21100 25.7 43.0 3.17 2.3 0
3001 1999 168 20300 25.0 44.7 2.34 2.3 0
3001 1999 169 20200 26.9 40.0 2.81 2.3 0
3001 1999 170 19800 25.1 36.9 2.99 2.3 0
3001 1999 171 20200 23.5 42.0 2.99 2.3 0
3001 1999 172 20700 23.1 43.2 2.81 2.3 0
3001 1999 173 20300 25.7 36.7 2.81 2.3 0
3001 1999 174 20100 23.7 36.5 2.99 2.3 0
3001 1999 175 19300 23.6 33.1 2.65 2.3 0
3001 1999 176 19400 22.5 37.0 2.81 2.3 0
3001 1999 177 19500 24.4 34.2 2.81 2.3 0
3001 1999 178 19500 23.0 38.2 2.81 2.3 0
3001 1999 179 20000 23.3 38.5 2.81 2.3 0
3001 1999 180 20100 23.9 38.9 2.99 2.3 0
3001 1999 181 19700 24.2 37.2 2.99 2.3 0
3001 1999 182 20100 24.9 38.7 3.17 2.3 0
3001 1999 183 19700 24.9 35.6 2.81 2.3 0
3001 1999 184 19700 23.8 37.5 2.81 2.3 0
3001 1999 185 19200 22.9 34.4 2.65 2.3 0
3001 1999 186 19800 23.7 37.4 2.81 2.3 0
3001 1999 187 19400 23.9 34.2 2.99 2.3 0
3001 1999 188 16000 22.8 38.6 2.99 2.3 21
3001 1999 189 16700 21.9 29.2 2.99 2.3 0
3001 1999 190 20100 23.7 37.3 2.99 2.3 0
3001 1999 191 20000 23.2 34.7 2.99 2.3 0
3001 1999 192 20400 22.6 36.3 2.81 2.3 0
3001 1999 193 21200 24.4 38.0 3.17 2.3 39
3001 1999 194 23600 22.0 31.9 2.99 2.3 0
3001 1999 195 19900 24.0 34.2 3.17 2.3 0
3001 1999 196 20800 23.4 35.6 2.99 2.3 0
3001 1999 197 20800 23.6 34.5 2.81 2.3 0
3001 1999 198 26400 25.2 38.1 3.17 2.3 0
3001 1999 199 26600 26.5 39.6 2.99 2.3 0
3001 1999 200 24500 25.0 33.5 2.81 2.3 0
3001 1999 201 25200 24.8 35.6 2.81 2.3 2
3001 1999 202 28000 26.2 40.5 3.37 2.3 0
3001 1999 203 26600 25.7 38.7 2.99 2.3 0
3001 1999 204 25100 25.1 35.8 2.99 2.3 0
3001 1999 205 26400 24.8 37.3 3.37 2.3 0
3001 1999 206 26100 24.9 37.8 3.37 2.3 0
3001 1999 207 26100 25.2 37.6 3.17 2.3 0
3001 1999 208 26200 24.7 36.4 2.99 2.3 0
3001 1999 209 26500 24.9 38.1 2.81 2.3 0
3001 1999 210 27200 26.1 39.2 3.17 2.3 0
3001 1999 211 24000 26.5 35.8 3.17 2.3 0
3001 1999 212 24200 25.4 37.6 3.17 2.3 0
3001 1999 213 24100 23.6 36.5 2.81 2.3 0
3001 1999 214 23900 23.7 36.7 2.81 2.3 0
3001 1999 215 25600 24.3 40.4 3.17 2.3 0
3001 1999 216 24300 24.8 38.2 3.17 2.3 0
3001 1999 217 24200 25.0 37.0 3.17 2.3 0
3001 1999 218 25700 26.0 40.1 3.17 2.3 0
3001 1999 219 13900 24.1 35.9 3.17 2.3 0
3001 1999 220 22900 26.5 34.7 3.37 2.3 0
3001 1999 221 23100 25.4 34.7 2.99 2.3 1
3001 1999 222 25700 23.2 36.2 2.99 2.3 3
3001 1999 223 26100 23.5 32.9 3.57 2.3 0
3001 1999 224 23600 24.0 33.8 3.17 2.3 0
3001 1999 225 24200 25.7 36.1 3.37 2.3 0
3001 1999 226 24100 26.0 36.5 3.37 2.3 29
3001 1999 227 24500 23.3 37.3 3.57 2.3 0
3001 1999 228 24700 23.4 36.2 3.37 2.3 9
3001 1999 229 22800 24.9 32.5 3.57 2.3 42
3001 1999 230 24500 22.9 36.0 3.57 2.3 0
3001 1999 231 23500 24.4 35.5 3.37 2.3 0
3001 1999 232 23300 24.8 34.1 3.17 2.3 15
3001 1999 233 23800 25.0 35.3 3.17 2.3 9
3001 1999 234 20700 22.8 28.9 2.99 2.3 0
3001 1999 235 23500 24.9 35.4 3.37 2.3 0
3001 1999 236 23600 24.6 35.6 3.17 2.3 0
3001 1999 237 23800 26.4 35.6 3.37 2.3 12
3001 1999 238 22500 26.7 33.3 3.37 2.3 0
3001 1999 239 22700 26.0 34.1 3.37 2.3 0
3001 1999 240 24100 24.3 36.3 2.81 2.3 0
3001 1999 241 25200 25.4 39.3 3.17 2.3 29
3001 1999 242 12700 21.5 32.0 2.99 2.3 2
3001 1999 243 23000 25.2 34.2 3.37 2.3 0
3001 1999 244 23800 25.6 36.0 3.37 2.3 37
3001 1999 245 21800 21.8 31.1 3.17 2.3 0
3001 1999 246 25300 24.2 36.9 3.57 2.3 0
3001 1999 247 16900 26.3 36.2 3.57 2.3 0
3001 1999 248 24800 27.1 36.9 3.79 2.3 8
3001 1999 249 18300 23.9 33.3 3.17 2.3 0
3001 1999 250 22500 24.9 34.9 3.37 2.3 0
3001 1999 251 22200 25.6 36.6 3.17 2.3 0
3001 1999 252 23200 25.3 37.7 3.37 2.3 2
3001 1999 253 23400 26.1 37.7 3.17 2.3 0
3001 1999 254 23600 25.0 35.0 2.99 2.3 0
3001 1999 255 24000 26.1 38.3 2.99 2.3 0
3001 1999 256 22900 26.9 35.3 3.57 2.3 0
3001 1999 257 18100 25.2 33.3 3.17 2.3 3
3001 1999 258 23000 22.5 35.8 2.99 2.3 0
3001 1999 259 20900 23.5 34.5 3.17 2.3 0
3001 1999 260 22200 25.3 35.7 3.37 2.3 0
3001 1999 261 21400 26.6 34.4 3.57 2.3 11
3001 1999 262 22800 22.6 36.9 3.17 2.3 0
3001 1999 263 23400 23.4 36.4 3.17 2.3 0
3001 1999 264 23500 25.0 37.5 3.37 2.3 1
3001 1999 265 24300 26.6 36.7 3.17 2.3 15
3001 1999 266 19200 21.3 34.3 2.99 2.3 0
3001 1999 267 23900 25.4 39.8 3.17 2.3 0
3001 1999 268 18600 26.5 33.7 3.17 2.3 0
3001 1999 269 23600 26.6 38.2 3.57 2.3 0
3001 1999 270 21500 26.4 36.0 3.57 2.3 0
3001 1999 271 21800 26.2 35.4 3.37 2.3 0
3001 1999 272 20700 24.3 36.1 2.99 2.3 0
3001 1999 273 23600 26.7 36.4 3.17 2.3 0
3001 1999 274 22200 26.5 37.5 3.37 2.3 0
3001 1999 275 23500 26.4 41.6 3.57 2.3 0
3001 1999 276 23100 26.4 40.8 2.99 2.3 2
3001 1999 277 21400 24.9 37.0 2.99 2.3 1
3001 1999 278 23200 23.1 37.5 2.81 2.3 0
3001 1999 279 16500 23.7 33.1 3.37 2.3 0
3001 1999 280 21300 24.3 35.2 3.37 2.3 0
3001 1999 281 19500 26.0 37.3 2.99 2.3 0
3001 1999 282 17600 28.0 35.7 2.65 2.3 40
3001 1999 283 11200 22.6 30.4 2.99 2.3 0
3001 1999 284 16900 23.3 31.4 3.17 2.3 0
3001 1999 285 23200 25.3 35.3 3.37 2.3 0
3001 1999 286 18400 25.8 36.1 3.37 2.3 0
3001 1999 287 21600 26.2 38.7 2.99 2.3 0
3001 1999 288 21100 25.6 38.0 3.37 2.3 0
3001 1999 289 19700 25.8 37.6 3.57 2.3 0
3001 1999 290 17800 25.5 36.4 3.37 2.3 18
3001 1999 291 7800 22.9 31.9 2.81 2.3 3
3001 1999 292 13800 24.6 32.9 2.99 2.3 3
3001 1999 293 8200 21.0 28.8 2.99 2.3 0
3001 1999 294 20500 24.1 34.9 2.99 2.3 0
3001 1999 295 22200 23.3 35.8 2.65 2.3 0
3001 1999 296 22600 23.0 38.0 2.81 2.3 0
3001 1999 297 21600 23.4 38.4 2.65 2.3 0
3001 1999 298 22700 22.5 39.5 2.81 2.3 0
3001 1999 299 22800 21.2 39.0 2.49 2.3 0
3001 1999 300 22400 22.2 35.1 2.65 2.3 0
3001 1999 301 20700 21.0 32.3 2.34 2.3 0
3001 1999 302 21400 21.4 34.2 2.07 2.3 0
3001 1999 303 14800 23.5 35.2 2.49 2.3 0
3001 1999 304 20200 23.3 36.4 2.49 2.3 0
3001 1999 305 21400 21.2 36.1 2.34 2.3 0
3001 1999 306 19800 19.7 36.7 2.34 2.3 0
3001 1999 307 22000 20.9 37.2 2.34 2.3 0
3001 1999 308 21700 21.3 35.8 2.07 2.3 0
3001 1999 309 20800 18.0 37.5 2.34 2.3 0
3001 1999 310 16900 19.6 36.1 2.34 2.3 0
3001 1999 311 19000 20.2 36.7 2.49 2.3 0
3001 1999 312 14800 22.0 35.8 2.49 2.3 0
3001 1999 313 11700 22.5 33.5 2.07 2.3 0
3001 1999 314 21200 18.6 35.5 1.82 2.3 0
3001 1999 315 21700 15.2 35.3 1.82 2.3 0
3001 1999 316 20400 16.5 35.8 2.07 2.3 0
3001 1999 317 19500 19.2 35.9 2.07 2.3 0
3001 1999 318 19300 19.2 36.9 2.2 2.3 0
3001 1999 319 18500 21.3 36.5 2.07 2.3 0
3001 1999 320 17900 21.1 33.8 2.2 2.3 0
3001 1999 321 19000 18.7 33.1 1.82 2.3 0
3001 1999 322 17200 18.7 31.8 1.6 2.3 0
3001 1999 323 15600 21.6 30.6 1.71 2.3 1
3001 1999 324 12000 20.0 31.2 1.71 2.3 0
3001 1999 325 18200 19.5 35.1 2.07 2.3 0
3001 1999 326 12500 21.7 32.6 2.34 2.3 0
3001 1999 327 16200 22.3 34.2 2.49 2.3 0
3001 1999 328 18000 23.0 35.4 2.65 2.3 0
3001 1999 329 17800 22.4 37.2 2.49 2.3 0
3001 1999 330 18800 20.0 36.9 2.2 2.3 0
3001 1999 331 18800 20.0 37.2 1.94 2.3 0
3001 1999 332 19500 17.1 36.8 1.82 2.3 0
3001 1999 333 19200 16.2 36.8 1.94 2.3 0
3001 1999 334 19300 16.0 36.2 1.94 2.3 0
3001 1999 335 18600 16.0 35.9 1.94 2.3 0
3001 1999 336 17500 18.3 34.4 2.07 2.3 0
3001 1999 337 13000 19.7 32.7 2.2 2.3 0
3001 1999 338 18100 17.3 36.2 1.94 2.3 0
3001 1999 339 18300 16.8 35.1 1.71 2.3 0
3001 1999 340 16400 15.2 32.5 1.31 2.3 0
3001 1999 341 19300 16.6 34.2 1.5 2.3 0
3001 1999 342 17200 15.9 35.6 1.6 2.3 0
3001 1999 343 19400 14.7 35.5 1.6 2.3 0
3001 1999 344 18300 17.6 33.9 1.31 2.3 0
3001 1999 345 19600 16.3 32.7 1.07 2.3 0
3001 1999 346 19500 15.9 34.2 1.15 2.3 0
3001 1999 347 18500 17.5 33.8 1.23 2.3 0
3001 1999 348 20100 14.4 33.0 1.07 2.3 0
3001 1999 349 20600 14.8 32.3 0.94 2.3 0
3001 1999 350 21200 11.2 32.6 1 2.3 0
3001 1999 351 20400 9.9 33.1 1.15 2.3 0
3001 1999 352 20100 13.7 32.2 0.94 2.3 0
3001 1999 353 16100 14.3 28.0 0.94 2.3 0
3001 1999 354 18500 16.1 25.6 0.57 2.3 0
3001 1999 355 18900 12.8 26.4 0.49 2.3 0
3001 1999 356 19100 11.8 28.0 0.66 2.3 0
3001 1999 357 19800 13.6 29.7 0.71 2.3 0
3001 1999 358 20300 13.8 29.0 0.76 2.3 0
3001 1999 359 17800 15.7 29.0 0.76 2.3 0
3001 1999 360 12600 13.9 26.8 0.87 2.3 0
3001 1999 361 10800 12.1 27.6 1.15 2.3 0
3001 1999 362 12700 18.9 29.9 0.94 2.3 0
3001 1999 363 16300 17.0 31.3 0.94 2.3 0
3001 1999 364 16400 14.6 32.2 0.94 2.3 0
3001 1999 365 17000 16.1 30.3 1.07 2.3 0
