*---------------------------------------------------------*
*   Country: Senegal
*   Station: SEN_HUB_fanaye
*   Station #: 3001
*   Year: 1987
*   Source: AfricaRice; historical observed data (1991-1999,2006-2011, 2013,2014)
*   Author: Pepijn van Oort (AfricaRice). Original Script by Justin van Wart (University Nebraska)
*   Longitude: -14.80 (decimal degrees East)
*   Latitude: 16.53 (decimal degrees North)
*   Elevation: 11 m.
*
*  Columns:
*  ========
*  1 station number
*  2 year
*  3 day
*  4 irradiation (kJ m-2 d-1)
*  5 minimum temperature (degrees Celsius)
*  6 maximum temperature (degrees Celsius)
*  7 actual vapour pressure (kPa)   
*  8 mean wind speed (m s-1)
*  9 precipitation (mm d-1)
*
** WCCDESCRIPTION=Senegal, SEN_HUB_fanaye
** WCCFORMAT=2
** WCCYEARNR= 1987
*
* COMMENT - START
*   Filename: SEN3001.987
*   Source file: SEN_HUBHIST_Fanaye.xlsx; sheet: GYGAReady_public_propagation
*   Source file contains station data (black) and propagated data (red).
*   When station data are available these are filled in in the current file.
*   When station data are not available the method uses NASA data from the POWER database.
*   Tmin, Tmax and Tdew from the POWER database are corrected for bias based on empirical regression between POWER data and available station data.
* COMMENT - END
*---------------------------------------------------------*
-14.80  16.53  11  0  0
3001 1987 001 16400 12.4 31.7 0.71 2.3 -99
3001 1987 002 16500 11.2 29.9 0.69 2.3 -99
3001 1987 003 16300 10.9 30.8 0.72 2.3 -99
3001 1987 004 16600 11.8 32.6 0.61 2.3 -99
3001 1987 005 15700 12.2 31.3 0.63 2.3 -99
3001 1987 006 16200 11.5 31.4 0.56 2.3 -99
3001 1987 007 16800 12.0 31.8 0.75 2.3 -99
3001 1987 008 15000 12.9 31.8 0.58 2.3 -99
3001 1987 009 16600 11.1 31.4 0.64 2.3 -99
3001 1987 010 16800 11.4 31.7 0.72 2.3 -99
3001 1987 011 16800 12.6 33.0 0.75 2.3 -99
3001 1987 012 17400 13.9 34.3 0.7 2.3 -99
3001 1987 013 17900 14.7 34.2 0.89 2.3 -99
3001 1987 014 15300 15.7 33.6 1.05 2.3 -99
3001 1987 015 16500 15.4 32.7 1.3 2.3 -99
3001 1987 016 17000 14.3 30.3 1.31 2.3 -99
3001 1987 017 17400 14.1 32.0 1.3 2.3 -99
3001 1987 018 17500 14.8 32.7 1.39 2.3 -99
3001 1987 019 15200 15.1 33.1 1.17 2.3 -99
3001 1987 020 18400 15.9 33.6 1.04 2.3 -99
3001 1987 021 15800 15.7 32.6 1.36 2.3 -99
3001 1987 022 17600 15.9 33.9 1.7 2.3 -99
3001 1987 023 16100 18.4 37.2 1.53 2.3 -99
3001 1987 024 15700 19.0 38.1 1.16 2.3 -99
3001 1987 025 18000 20.7 38.4 1.01 2.3 -99
3001 1987 026 19000 19.8 39.0 1.14 2.3 -99
3001 1987 027 18700 20.3 36.7 1.15 2.3 -99
3001 1987 028 14500 19.5 35.8 1.26 2.3 -99
3001 1987 029 18100 16.9 33.1 1.39 2.3 -99
3001 1987 030 17800 16.2 33.6 1.36 2.3 -99
3001 1987 031 16800 16.8 33.4 1.38 2.3 -99
3001 1987 032 19100 16.6 34.0 1.49 2.3 -99
3001 1987 033 20600 17.2 34.0 1.2 2.3 -99
3001 1987 034 20900 16.4 33.6 0.98 2.3 -99
3001 1987 035 19300 15.5 33.2 0.89 2.3 -99
3001 1987 036 20500 14.6 31.6 1.06 2.3 -99
3001 1987 037 19900 13.8 32.1 1.02 2.3 -99
3001 1987 038 12700 14.4 33.7 0.95 2.3 -99
3001 1987 039 19300 18.6 33.2 0.97 2.3 -99
3001 1987 040 17600 15.7 33.1 1.02 2.3 -99
3001 1987 041 16800 15.9 32.7 0.97 2.3 -99
3001 1987 042 15500 16.7 32.1 0.83 2.3 -99
3001 1987 043 19700 15.7 32.5 0.99 2.3 -99
3001 1987 044 20400 18.9 33.1 1.48 2.3 -99
3001 1987 045 20900 16.7 33.1 0.92 2.3 -99
3001 1987 046 19700 15.1 34.3 0.94 2.3 -99
3001 1987 047 22600 16.3 35.9 1.07 2.3 -99
3001 1987 048 19200 17.7 36.7 1.14 2.3 -99
3001 1987 049 20300 18.8 37.4 1.1 2.3 -99
3001 1987 050 20800 18.8 36.7 1.25 2.3 -99
3001 1987 051 23000 19.5 35.8 1.11 2.3 -99
3001 1987 052 23500 17.2 36.3 0.85 2.3 -99
3001 1987 053 23800 16.8 35.8 0.67 2.3 -99
3001 1987 054 23000 15.8 35.4 0.66 2.3 -99
3001 1987 055 23000 15.2 35.9 0.76 2.3 -99
3001 1987 056 25600 16.2 38.4 0.79 2.3 -99
3001 1987 057 23900 17.9 38.9 0.71 2.3 -99
3001 1987 058 23400 17.9 38.0 0.78 2.3 -99
3001 1987 059 23100 19.1 36.6 0.9 2.3 -99
3001 1987 060 25200 17.6 36.0 1.03 2.3 -99
3001 1987 061 23300 18.8 38.1 0.97 2.3 -99
3001 1987 062 24900 19.6 35.9 1.16 2.3 -99
3001 1987 063 25300 18.5 37.4 0.98 2.3 -99
3001 1987 064 25300 18.0 36.9 0.88 2.3 -99
3001 1987 065 23800 17.5 38.5 0.92 2.3 -99
3001 1987 066 22600 19.2 38.0 0.91 2.3 -99
3001 1987 067 25900 19.1 38.1 0.81 2.3 -99
3001 1987 068 25400 17.7 37.3 0.74 2.3 -99
3001 1987 069 26500 17.9 37.3 0.59 2.3 -99
3001 1987 070 26100 16.8 36.9 0.61 2.3 -99
3001 1987 071 26100 16.8 36.6 0.85 2.3 -99
3001 1987 072 20300 17.3 35.8 1.16 2.3 -99
3001 1987 073 23900 18.0 34.4 1.56 2.3 -99
3001 1987 074 23000 17.4 34.7 1.52 2.3 -99
3001 1987 075 25000 16.9 32.5 1.67 2.3 -99
3001 1987 076 25000 16.4 31.4 1.75 2.3 -99
3001 1987 077 24300 15.7 32.6 1.64 2.3 -99
3001 1987 078 25200 17.1 35.0 1.76 2.3 -99
3001 1987 079 26000 19.1 33.6 1.56 2.3 -99
3001 1987 080 23200 17.2 33.0 1.36 2.3 -99
3001 1987 081 24300 18.1 34.4 1.29 2.3 -99
3001 1987 082 25600 17.4 34.9 0.98 2.3 -99
3001 1987 083 25000 18.5 35.8 0.88 2.3 -99
3001 1987 084 27200 18.0 34.4 0.83 2.3 -99
3001 1987 085 27000 15.9 34.9 0.8 2.3 -99
3001 1987 086 26400 16.8 36.2 0.78 2.3 -99
3001 1987 087 27400 17.3 36.6 0.7 2.3 -99
3001 1987 088 27000 17.4 36.6 0.77 2.3 -99
3001 1987 089 26900 17.4 37.5 0.8 2.3 -99
3001 1987 090 26200 17.4 38.3 0.7 2.3 -99
3001 1987 091 27300 19.4 37.9 0.95 2.3 -99
3001 1987 092 28500 18.6 36.2 0.61 2.3 -99
3001 1987 093 28400 16.5 37.3 0.5 2.3 -99
3001 1987 094 25100 16.5 37.3 0.88 2.3 -99
3001 1987 095 28000 19.0 38.9 1.1 2.3 -99
3001 1987 096 28700 19.7 40.7 0.84 2.3 -99
3001 1987 097 27700 20.7 40.9 0.73 2.3 -99
3001 1987 098 28400 20.9 40.8 0.76 2.3 -99
3001 1987 099 27200 21.5 41.4 0.86 2.3 -99
3001 1987 100 26100 23.5 41.3 1.12 2.3 -99
3001 1987 101 18900 22.3 42.0 1.36 2.3 -99
3001 1987 102 24700 21.4 38.3 1.76 2.3 -99
3001 1987 103 26600 21.1 38.8 1.48 2.3 -99
3001 1987 104 26600 19.9 39.1 1.57 2.3 -99
3001 1987 105 27300 21.6 40.5 1.31 2.3 -99
3001 1987 106 27400 23.6 42.9 0.81 2.3 -99
3001 1987 107 28700 22.6 42.6 0.72 2.3 -99
3001 1987 108 26900 22.8 42.0 0.85 2.3 -99
3001 1987 109 27500 24.5 42.6 0.92 2.3 -99
3001 1987 110 25500 24.2 41.8 0.85 2.3 -99
3001 1987 111 23100 22.7 41.8 0.75 2.3 -99
3001 1987 112 22100 21.7 41.0 0.51 2.3 -99
3001 1987 113 26700 19.5 40.8 0.54 2.3 -99
3001 1987 114 27500 20.1 41.5 0.52 2.3 -99
3001 1987 115 22900 19.8 41.0 0.62 2.3 -99
3001 1987 116 29000 20.1 41.8 0.72 2.3 -99
3001 1987 117 28500 21.5 42.4 0.81 2.3 -99
3001 1987 118 28000 22.7 42.2 0.9 2.3 -99
3001 1987 119 24800 22.7 42.5 1.15 2.3 -99
3001 1987 120 27000 25.7 41.1 1.38 2.3 -99
3001 1987 121 27400 21.5 39.5 1.64 2.3 -99
3001 1987 122 25100 24.5 40.9 1.43 2.3 -99
3001 1987 123 27600 24.4 40.9 1.44 2.3 -99
3001 1987 124 27100 27.5 43.4 1.36 2.3 -99
3001 1987 125 24400 27.4 43.6 1.25 2.3 -99
3001 1987 126 28800 25.8 42.8 1.2 2.3 -99
3001 1987 127 27500 25.6 42.1 1.51 2.3 -99
3001 1987 128 26600 24.7 41.7 1.89 2.3 -99
3001 1987 129 27900 25.1 42.1 1.56 2.3 -99
3001 1987 130 28100 26.6 43.3 1.48 2.3 -99
3001 1987 131 28700 26.5 43.7 1.5 2.3 -99
3001 1987 132 22000 25.4 43.3 1.36 2.3 -99
3001 1987 133 22400 23.1 41.2 1.6 2.3 -99
3001 1987 134 28800 22.8 40.8 1.88 2.3 -99
3001 1987 135 28000 23.8 43.7 1.68 2.3 -99
3001 1987 136 27900 26.6 43.7 1.25 2.3 -99
3001 1987 137 26800 27.2 43.1 1.3 2.3 -99
3001 1987 138 26500 25.3 41.9 1.31 2.3 -99
3001 1987 139 20000 26.3 41.8 1.34 2.3 -99
3001 1987 140 26400 26.7 42.0 1.34 2.3 -99
3001 1987 141 25100 27.1 42.5 1.37 2.3 -99
3001 1987 142 26400 27.5 42.2 1.39 2.3 -99
3001 1987 143 27000 26.9 41.5 1.39 2.3 -99
3001 1987 144 26700 25.0 41.2 1.36 2.3 -99
3001 1987 145 26700 25.2 41.4 1.37 2.3 -99
3001 1987 146 24500 27.7 42.3 1.31 2.3 -99
3001 1987 147 25900 26.7 42.7 1.38 2.3 -99
3001 1987 148 27000 27.6 43.4 1.38 2.3 -99
3001 1987 149 27300 27.7 41.4 1.31 2.3 -99
3001 1987 150 27300 25.7 40.1 1.22 2.3 -99
3001 1987 151 27400 22.8 41.1 1.11 2.3 -99
3001 1987 152 26900 23.1 40.8 0.87 2.3 -99
3001 1987 153 29700 22.0 40.3 0.92 2.3 -99
3001 1987 154 29600 20.8 41.8 0.81 2.3 -99
3001 1987 155 28900 22.0 39.6 1.44 2.3 -99
3001 1987 156 26700 23.4 41.0 1.78 2.3 -99
3001 1987 157 27500 23.7 41.2 1.77 2.3 -99
3001 1987 158 27000 23.7 40.8 1.9 2.3 -99
3001 1987 159 25600 21.8 37.3 2.52 2.3 -99
3001 1987 160 26700 22.1 35.9 2.73 2.3 -99
3001 1987 161 27000 21.5 37.4 2.46 2.3 -99
3001 1987 162 22100 23.8 38.6 2.26 2.3 -99
3001 1987 163 24700 25.9 40.9 1.56 2.3 -99
3001 1987 164 26100 26.0 40.4 1.82 2.3 -99
3001 1987 165 26900 27.0 40.8 1.46 2.3 -99
3001 1987 166 26200 26.6 43.3 1.41 2.3 -99
3001 1987 167 28900 25.8 41.6 1.64 2.3 -99
3001 1987 168 25900 23.8 36.0 2.85 2.3 -99
3001 1987 169 17700 25.3 37.8 2.63 2.3 -99
3001 1987 170 28200 22.3 40.3 2.2 2.3 -99
3001 1987 171 28800 27.0 43.6 1.57 2.3 -99
3001 1987 172 27600 23.8 39.4 2.27 2.3 -99
3001 1987 173 25700 26.4 38.6 2.68 2.3 -99
3001 1987 174 27200 26.0 41.0 1.8 2.3 -99
3001 1987 175 27600 25.1 43.3 1.49 2.3 -99
3001 1987 176 28600 28.1 43.7 1.28 2.3 -99
3001 1987 177 25600 24.1 40.3 1.72 2.3 -99
3001 1987 178 26700 23.8 38.4 2.08 2.3 -99
3001 1987 179 27000 22.7 38.8 2.05 2.3 -99
3001 1987 180 27900 22.5 41.0 2.05 2.3 -99
3001 1987 181 21500 22.8 38.7 2.58 2.3 -99
3001 1987 182 27400 25.7 39.5 2.16 2.3 -99
3001 1987 183 28800 24.3 39.6 1.81 2.3 -99
3001 1987 184 28900 24.6 38.6 2.07 2.3 -99
3001 1987 185 27000 24.0 41.7 2.08 2.3 -99
3001 1987 186 28300 25.1 42.1 2.07 2.3 -99
3001 1987 187 27100 25.2 41.9 2.12 2.3 -99
3001 1987 188 27000 24.3 41.4 1.7 2.3 -99
3001 1987 189 23800 25.4 41.5 1.6 2.3 -99
3001 1987 190 17900 25.3 39.9 1.95 2.3 -99
3001 1987 191 27800 23.5 40.1 2.15 2.3 -99
3001 1987 192 28100 22.0 41.0 2 2.3 -99
3001 1987 193 28200 25.0 42.8 1.61 2.3 -99
3001 1987 194 25300 25.3 40.3 1.89 2.3 -99
3001 1987 195 22200 24.5 38.4 2.07 2.3 -99
3001 1987 196 20800 23.4 39.9 2.01 2.3 -99
3001 1987 197 26000 26.5 40.7 2.3 2.3 -99
3001 1987 198 21900 25.9 42.4 2.09 2.3 -99
3001 1987 199 25200 25.0 37.9 2.57 2.3 -99
3001 1987 200 26500 24.6 36.2 3.06 2.3 -99
3001 1987 201 23800 23.4 35.1 3.08 2.3 -99
3001 1987 202 24800 25.8 39.4 2.41 2.3 -99
3001 1987 203 27900 26.5 42.6 1.91 2.3 -99
3001 1987 204 27700 24.1 37.3 3.08 2.3 -99
3001 1987 205 21200 21.2 32.5 3.51 2.3 -99
3001 1987 206 26900 24.6 37.9 2.88 2.3 -99
3001 1987 207 24700 24.0 37.0 2.71 2.3 -99
3001 1987 208 25300 25.3 38.5 2.7 2.3 -99
3001 1987 209 20000 26.9 38.3 2.54 2.3 -99
3001 1987 210 26800 26.1 39.1 2.66 2.3 -99
3001 1987 211 28300 27.2 41.1 2.44 2.3 -99
3001 1987 212 27600 26.0 38.7 2.99 2.3 -99
3001 1987 213 27100 24.1 38.1 2.97 2.3 -99
3001 1987 214 26500 23.9 37.0 2.93 2.3 -99
3001 1987 215 25600 26.4 37.7 2.97 2.3 -99
3001 1987 216 27500 24.0 43.1 2.2 2.3 -99
3001 1987 217 27200 23.7 39.4 2.24 2.3 -99
3001 1987 218 11100 26.1 35.6 3.08 2.3 -99
3001 1987 219 25000 23.8 34.4 3.51 2.3 -99
3001 1987 220 23300 22.3 37.6 2.97 2.3 -99
3001 1987 221 24200 23.3 37.8 2.83 2.3 -99
3001 1987 222 26500 23.9 36.6 3.1 2.3 -99
3001 1987 223 24100 22.7 37.3 2.92 2.3 -99
3001 1987 224 27900 24.8 42.1 1.91 2.3 -99
3001 1987 225 25800 25.2 40.8 1.71 2.3 -99
3001 1987 226 26500 24.3 35.6 2.97 2.3 -99
3001 1987 227 25600 25.0 39.8 2.57 2.3 -99
3001 1987 228 25100 27.6 44.3 2.15 2.3 -99
3001 1987 229 22400 23.3 31.5 3.85 2.3 -99
3001 1987 230 23300 21.2 31.3 3.85 2.3 -99
3001 1987 231 24800 22.8 32.6 3.61 2.3 -99
3001 1987 232 26800 21.3 34.0 3.17 2.3 -99
3001 1987 233 26500 23.6 36.9 2.71 2.3 -99
3001 1987 234 22000 24.4 35.1 2.93 2.3 -99
3001 1987 235 19500 24.8 34.4 3.27 2.3 -99
3001 1987 236 19800 23.1 31.1 3.79 2.3 -99
3001 1987 237 22900 22.8 31.4 3.7 2.3 -99
3001 1987 238 19900 22.1 32.9 3.57 2.3 -99
3001 1987 239 23600 23.6 37.5 3.21 2.3 -99
3001 1987 240 26100 23.4 36.0 3.21 2.3 -99
3001 1987 241 25300 22.2 33.9 3.35 2.3 -99
3001 1987 242 21100 24.4 38.6 2.85 2.3 -99
3001 1987 243 24000 26.2 43.4 2.15 2.3 -99
3001 1987 244 25800 25.7 39.3 2.66 2.3 -99
3001 1987 245 22500 25.4 35.5 3.21 2.3 -99
3001 1987 246 24800 23.8 32.9 3.66 2.3 -99
3001 1987 247 6000 22.7 35.2 3.21 2.3 -99
3001 1987 248 24300 24.2 41.3 2.38 2.3 -99
3001 1987 249 24400 24.9 37.8 2.73 2.3 -99
3001 1987 250 16400 25.9 36.9 3.08 2.3 -99
3001 1987 251 19900 25.4 38.4 2.97 2.3 -99
3001 1987 252 22500 21.7 37.2 2.92 2.3 -99
3001 1987 253 25000 24.3 34.7 3.35 2.3 -99
3001 1987 254 16800 22.5 33.9 3.29 2.3 -99
3001 1987 255 16000 23.2 35.2 3.17 2.3 -99
3001 1987 256 23200 23.9 35.0 3.33 2.3 -99
3001 1987 257 24300 23.4 38.9 2.88 2.3 -99
3001 1987 258 23300 25.6 42.0 1.9 2.3 -99
3001 1987 259 25100 25.5 39.9 2.23 2.3 -99
3001 1987 260 9600 24.2 32.9 3.57 2.3 -99
3001 1987 261 16600 23.3 30.7 3.79 2.3 -99
3001 1987 262 20300 22.6 32.1 3.72 2.3 -99
3001 1987 263 22700 21.1 34.5 3.29 2.3 -99
3001 1987 264 23500 22.0 38.1 2.52 2.3 -99
3001 1987 265 23900 22.2 39.9 2.31 2.3 -99
3001 1987 266 22300 23.8 38.4 2.8 2.3 -99
3001 1987 267 19800 24.7 35.9 2.88 2.3 -99
3001 1987 268 16200 23.8 33.0 3.47 2.3 -99
3001 1987 269 16100 22.2 31.1 3.74 2.3 -99
3001 1987 270 12700 21.0 31.0 3.66 2.3 -99
3001 1987 271 17900 21.6 31.1 3.41 2.3 -99
3001 1987 272 16400 22.1 31.5 3.61 2.3 -99
3001 1987 273 13300 21.7 30.5 3.68 2.3 -99
3001 1987 274 15300 21.1 33.6 3.37 2.3 -99
3001 1987 275 18800 22.8 37.7 2.65 2.3 -99
3001 1987 276 21500 22.6 39.2 2.55 2.3 -99
3001 1987 277 23400 23.8 37.8 2.68 2.3 -99
3001 1987 278 17000 23.4 36.4 2.88 2.3 -99
3001 1987 279 15300 25.4 38.6 2.65 2.3 -99
3001 1987 280 22500 26.6 42.2 2.09 2.3 -99
3001 1987 281 18600 23.4 40.3 2.2 2.3 -99
3001 1987 282 23000 25.5 40.7 2.12 2.3 -99
3001 1987 283 23000 24.5 37.7 2.21 2.3 -99
3001 1987 284 22800 23.6 37.3 2.26 2.3 -99
3001 1987 285 21200 24.4 36.7 2.37 2.3 -99
3001 1987 286 22500 24.6 36.9 2.31 2.3 -99
3001 1987 287 17400 25.4 37.5 2.63 2.3 -99
3001 1987 288 21300 26.2 40.7 2.17 2.3 -99
3001 1987 289 11800 26.8 40.2 2.2 2.3 -99
3001 1987 290 18200 23.9 37.9 2.66 2.3 -99
3001 1987 291 19900 24.8 39.8 2.27 2.3 -99
3001 1987 292 22500 25.7 39.9 1.64 2.3 -99
3001 1987 293 22300 23.6 40.0 1.43 2.3 -99
3001 1987 294 22100 23.2 39.2 1.71 2.3 -99
3001 1987 295 21700 24.0 37.9 2.16 2.3 -99
3001 1987 296 20700 23.8 38.4 2.26 2.3 -99
3001 1987 297 21500 25.4 38.5 2.38 2.3 -99
3001 1987 298 17200 26.0 37.3 1.96 2.3 -99
3001 1987 299 21200 23.4 36.0 1.74 2.3 -99
3001 1987 300 20400 23.0 37.3 1.65 2.3 -99
3001 1987 301 20800 24.9 38.8 1.78 2.3 -99
3001 1987 302 20300 24.5 38.3 1.53 2.3 -99
3001 1987 303 21100 23.9 39.1 1.24 2.3 -99
3001 1987 304 20500 22.3 39.0 1.07 2.3 -99
3001 1987 305 17800 22.6 38.0 1.19 2.3 -99
3001 1987 306 20900 21.8 38.1 1.28 2.3 -99
3001 1987 307 20700 22.1 38.5 1.58 2.3 -99
3001 1987 308 20600 23.7 39.2 1.74 2.3 -99
3001 1987 309 20600 24.0 39.9 1.55 2.3 -99
3001 1987 310 20500 22.6 40.0 1.61 2.3 -99
3001 1987 311 20400 23.3 39.6 1.57 2.3 -99
3001 1987 312 19800 25.0 38.4 1.63 2.3 -99
3001 1987 313 20200 23.4 37.8 1.56 2.3 -99
3001 1987 314 18500 21.9 35.5 1.67 2.3 -99
3001 1987 315 19700 20.3 33.7 1.45 2.3 -99
3001 1987 316 20100 20.1 35.4 1.36 2.3 -99
3001 1987 317 20000 18.8 36.9 1.31 2.3 -99
3001 1987 318 19800 22.1 39.3 1.39 2.3 -99
3001 1987 319 13800 23.7 38.1 1.32 2.3 -99
3001 1987 320 12100 23.1 36.5 1.17 2.3 -99
3001 1987 321 10900 21.2 35.5 1 2.3 -99
3001 1987 322 19200 19.2 34.4 0.97 2.3 -99
3001 1987 323 19400 18.7 34.6 1.02 2.3 -99
3001 1987 324 19000 18.7 35.5 1.14 2.3 -99
3001 1987 325 18600 20.6 36.9 1.22 2.3 -99
3001 1987 326 13400 21.0 37.3 1.2 2.3 -99
3001 1987 327 15800 20.2 36.6 1.25 2.3 -99
3001 1987 328 18500 20.3 37.1 1.26 2.3 -99
3001 1987 329 18600 21.0 36.9 1.58 2.3 -99
3001 1987 330 17100 21.7 37.2 1.56 2.3 -99
3001 1987 331 15100 22.5 38.2 1.53 2.3 -99
3001 1987 332 18700 23.9 38.4 1.5 2.3 -99
3001 1987 333 18800 22.9 37.8 1.57 2.3 -99
3001 1987 334 15800 22.5 38.1 1.53 2.3 -99
3001 1987 335 18200 22.2 37.3 1.53 2.3 -99
3001 1987 336 19400 22.2 37.5 1.4 2.3 -99
3001 1987 337 17800 21.4 36.9 1.46 2.3 -99
3001 1987 338 17200 22.2 35.1 1.54 2.3 -99
3001 1987 339 16500 20.0 35.6 1.54 2.3 -99
3001 1987 340 15200 20.5 33.3 1.66 2.3 -99
3001 1987 341 18300 18.6 31.0 1.67 2.3 -99
3001 1987 342 18500 15.2 30.1 1.63 2.3 -99
3001 1987 343 18400 17.4 32.5 1.39 2.3 -99
3001 1987 344 17400 18.8 35.7 1.28 2.3 -99
3001 1987 345 17400 20.6 36.7 1.2 2.3 -99
3001 1987 346 17700 20.0 36.7 1.06 2.3 -99
3001 1987 347 17600 20.0 35.9 1.12 2.3 -99
3001 1987 348 18100 19.8 36.2 1.3 2.3 -99
3001 1987 349 17400 20.0 35.9 1.24 2.3 -99
3001 1987 350 17700 18.5 36.3 0.97 2.3 -99
3001 1987 351 17600 17.3 35.6 0.79 2.3 -99
3001 1987 352 16900 17.9 34.7 1.02 2.3 -99
3001 1987 353 16300 18.4 35.1 1.01 2.3 -99
3001 1987 354 16900 17.0 34.5 0.91 2.3 -99
3001 1987 355 17200 17.3 34.8 0.9 2.3 -99
3001 1987 356 16600 17.0 34.6 0.95 2.3 -99
3001 1987 357 18100 16.5 33.7 0.81 2.3 -99
3001 1987 358 17000 15.1 32.5 0.88 2.3 -99
3001 1987 359 17200 15.0 32.1 0.82 2.3 -99
3001 1987 360 17400 14.5 32.3 0.82 2.3 -99
3001 1987 361 16300 14.8 29.2 0.87 2.3 -99
3001 1987 362 16200 13.7 29.7 1.04 2.3 -99
3001 1987 363 16400 16.6 29.1 1.27 2.3 -99
3001 1987 364 15900 14.2 27.7 1.18 2.3 -99
3001 1987 365 16200 13.6 28.4 1.01 2.3 -99
