*---------------------------------------------------------*
*   Country: Senegal
*   Station: SEN_HUB_fanaye
*   Station #: 3001
*   Year: 1990
*   Source: AfricaRice; historical observed data (1991-1999,2006-2011, 2013,2014)
*   Author: Pepijn van Oort (AfricaRice). Original Script by Justin van Wart (University Nebraska)
*   Longitude: -14.80 (decimal degrees East)
*   Latitude: 16.53 (decimal degrees North)
*   Elevation: 11 m.
*
*  Columns:
*  ========
*  1 station number
*  2 year
*  3 day
*  4 irradiation (kJ m-2 d-1)
*  5 minimum temperature (degrees Celsius)
*  6 maximum temperature (degrees Celsius)
*  7 actual vapour pressure (kPa)   
*  8 mean wind speed (m s-1)
*  9 precipitation (mm d-1)
*
** WCCDESCRIPTION=Senegal, SEN_HUB_fanaye
** WCCFORMAT=2
** WCCYEARNR= 1990
*
* COMMENT - START
*   Filename: SEN3001.990
*   Source file: SEN_HUBHIST_Fanaye.xlsx; sheet: GYGAReady_public_propagation
*   Source file contains station data (black) and propagated data (red).
*   When station data are available these are filled in in the current file.
*   When station data are not available the method uses NASA data from the POWER database.
*   Tmin, Tmax and Tdew from the POWER database are corrected for bias based on empirical regression between POWER data and available station data.
* COMMENT - END
*---------------------------------------------------------*
-14.80  16.53  11  0  0
3001 1990 001 14000 13.6 29.1 1.24 2.3 -99
3001 1990 002 14000 13.6 30.1 1.13 2.3 -99
3001 1990 003 15500 14.9 30.9 1.1 2.3 -99
3001 1990 004 16100 14.3 31.4 0.91 2.3 -99
3001 1990 005 14800 16.1 30.8 0.88 2.3 -99
3001 1990 006 16600 13.9 30.1 1.02 2.3 -99
3001 1990 007 15400 13.7 31.1 0.87 2.3 -99
3001 1990 008 16400 16.5 31.7 0.93 2.3 -99
3001 1990 009 16500 17.1 31.7 0.99 2.3 -99
3001 1990 010 16500 16.5 31.5 0.95 2.3 -99
3001 1990 011 16300 17.0 31.3 0.88 2.3 -99
3001 1990 012 8300 18.6 31.0 0.94 2.3 -99
3001 1990 013 5700 19.3 30.5 1.25 2.3 -99
3001 1990 014 12100 18.0 29.8 1.28 2.3 -99
3001 1990 015 7200 19.4 29.2 1.01 2.3 -99
3001 1990 016 13000 19.0 30.3 1.07 2.3 -99
3001 1990 017 13700 19.2 30.8 1.04 2.3 -99
3001 1990 018 18200 17.0 32.7 1.17 2.3 -99
3001 1990 019 18500 18.5 33.0 1.41 2.3 -99
3001 1990 020 17100 16.8 30.6 1.06 2.3 -99
3001 1990 021 12600 16.3 28.4 0.81 2.3 -99
3001 1990 022 15200 15.0 28.8 0.8 2.3 -99
3001 1990 023 16100 15.0 28.0 0.77 2.3 -99
3001 1990 024 15900 13.9 28.0 0.97 2.3 -99
3001 1990 025 13000 15.2 29.2 1.08 2.3 -99
3001 1990 026 12700 17.2 30.3 1.07 2.3 -99
3001 1990 027 11600 16.9 31.4 1.02 2.3 -99
3001 1990 028 12900 18.8 32.7 1.2 2.3 -99
3001 1990 029 600 20.7 31.8 1.17 2.3 -99
3001 1990 030 13400 20.0 33.4 1.2 2.3 -99
3001 1990 031 15300 18.6 35.3 1.16 2.3 -99
3001 1990 032 20600 19.5 35.9 1.2 2.3 -99
3001 1990 033 17500 19.8 35.7 1.28 2.3 -99
3001 1990 034 18900 19.1 35.8 1.2 2.3 -99
3001 1990 035 17700 21.1 38.1 1.1 2.3 -99
3001 1990 036 14500 21.7 37.3 1.07 2.3 -99
3001 1990 037 19400 19.8 37.5 1.38 2.3 -99
3001 1990 038 21100 21.2 37.8 1.27 2.3 -99
3001 1990 039 20000 22.5 36.6 1.02 2.3 -99
3001 1990 040 19400 19.4 34.0 0.82 2.3 -99
3001 1990 041 19700 16.5 33.2 0.95 2.3 -99
3001 1990 042 19700 15.9 35.1 0.87 2.3 -99
3001 1990 043 18100 18.6 36.2 0.92 2.3 -99
3001 1990 044 20600 17.4 35.8 0.76 2.3 -99
3001 1990 045 19800 15.9 35.4 0.77 2.3 -99
3001 1990 046 17400 19.5 35.8 0.85 2.3 -99
3001 1990 047 20800 18.3 36.3 0.97 2.3 -99
3001 1990 048 20900 17.8 35.9 0.97 2.3 -99
3001 1990 049 19900 19.1 36.6 0.84 2.3 -99
3001 1990 050 20900 19.3 38.0 0.92 2.3 -99
3001 1990 051 21400 18.5 37.0 1.2 2.3 -99
3001 1990 052 20300 18.6 37.7 1.27 2.3 -99
3001 1990 053 12200 22.9 36.7 1.13 2.3 -99
3001 1990 054 18200 18.7 36.5 1.19 2.3 -99
3001 1990 055 21700 19.8 36.5 0.94 2.3 -99
3001 1990 056 21500 19.3 37.2 0.98 2.3 -99
3001 1990 057 19100 20.7 35.7 0.92 2.3 -99
3001 1990 058 19800 20.0 35.7 0.78 2.3 -99
3001 1990 059 21700 20.8 37.3 0.92 2.3 -99
3001 1990 060 22700 24.3 36.7 1 2.3 -99
3001 1990 061 20200 21.2 35.8 1.19 2.3 -99
3001 1990 062 19200 20.8 35.8 1.53 2.3 -99
3001 1990 063 19700 18.8 35.6 1.24 2.3 -99
3001 1990 064 20100 19.9 37.0 1.37 2.3 -99
3001 1990 065 20700 21.7 38.8 1.39 2.3 -99
3001 1990 066 19800 25.1 38.9 1.21 2.3 -99
3001 1990 067 19400 23.8 38.5 1.09 2.3 -99
3001 1990 068 21600 21.4 38.6 1.28 2.3 -99
3001 1990 069 24900 20.8 39.4 0.94 2.3 -99
3001 1990 070 24200 21.0 39.6 0.92 2.3 -99
3001 1990 071 24200 20.5 37.8 0.73 2.3 -99
3001 1990 072 25300 20.0 36.7 0.65 2.3 -99
3001 1990 073 25500 19.3 38.5 0.82 2.3 -99
3001 1990 074 20300 20.1 37.5 0.85 2.3 -99
3001 1990 075 25900 18.9 37.6 0.78 2.3 -99
3001 1990 076 25900 18.6 36.9 0.9 2.3 -99
3001 1990 077 23000 18.6 38.3 0.87 2.3 -99
3001 1990 078 21300 20.4 39.2 0.81 2.3 -99
3001 1990 079 17600 21.0 40.0 1.07 2.3 -99
3001 1990 080 25400 21.4 39.9 1.24 2.3 -99
3001 1990 081 20300 22.7 40.1 0.85 2.3 -99
3001 1990 082 25300 24.6 39.8 0.87 2.3 -99
3001 1990 083 26400 23.3 39.6 0.97 2.3 -99
3001 1990 084 25400 22.1 40.0 1.04 2.3 -99
3001 1990 085 18800 22.8 39.9 0.98 2.3 -99
3001 1990 086 26100 23.3 40.3 0.93 2.3 -99
3001 1990 087 25300 21.5 41.2 0.89 2.3 -99
3001 1990 088 17700 23.1 38.1 1.48 2.3 -99
3001 1990 089 12900 23.4 36.0 2.16 2.3 -99
3001 1990 090 19900 19.6 33.6 2.15 2.3 -99
3001 1990 091 23900 23.2 37.0 2.01 2.3 -99
3001 1990 092 24700 24.7 39.9 1.78 2.3 -99
3001 1990 093 25500 23.5 39.9 1.66 2.3 -99
3001 1990 094 25600 24.6 41.3 1.53 2.3 -99
3001 1990 095 25900 25.0 41.6 1.35 2.3 -99
3001 1990 096 25800 23.5 39.0 1.7 2.3 -99
3001 1990 097 22800 23.4 36.8 1.84 2.3 -99
3001 1990 098 24200 22.6 36.2 1.65 2.3 -99
3001 1990 099 25100 21.8 37.9 1.55 2.3 -99
3001 1990 100 24400 22.3 36.8 1.51 2.3 -99
3001 1990 101 24800 24.5 37.4 1.58 2.3 -99
3001 1990 102 25700 24.8 37.8 1.61 2.3 -99
3001 1990 103 25800 24.6 38.6 1.45 2.3 -99
3001 1990 104 26100 22.4 36.9 1.28 2.3 -99
3001 1990 105 23500 21.3 36.9 1.06 2.3 -99
3001 1990 106 24100 21.6 39.2 1.12 2.3 -99
3001 1990 107 23000 23.8 39.7 0.84 2.3 -99
3001 1990 108 21000 23.7 39.3 0.84 2.3 -99
3001 1990 109 25800 22.8 39.0 0.9 2.3 -99
3001 1990 110 26600 20.8 38.2 0.89 2.3 -99
3001 1990 111 26900 20.5 38.7 1.1 2.3 -99
3001 1990 112 21900 22.3 38.1 1.71 2.3 -99
3001 1990 113 25500 22.6 37.6 1.67 2.3 -99
3001 1990 114 22600 22.9 36.2 1.39 2.3 -99
3001 1990 115 23400 19.8 36.2 1.36 2.3 -99
3001 1990 116 24400 21.8 36.3 1.49 2.3 -99
3001 1990 117 25100 21.4 34.1 1.36 2.3 -99
3001 1990 118 25400 22.2 36.0 1.27 2.3 -99
3001 1990 119 26800 23.1 38.4 1.52 2.3 -99
3001 1990 120 24400 23.5 38.1 1.32 2.3 -99
3001 1990 121 23800 23.8 40.2 1.59 2.3 -99
3001 1990 122 23500 25.8 40.6 1.56 2.3 -99
3001 1990 123 23900 25.3 40.9 1.47 2.3 -99
3001 1990 124 25500 26.7 41.6 1.41 2.3 -99
3001 1990 125 24500 27.2 42.4 1.4 2.3 -99
3001 1990 126 24100 27.7 41.6 1.66 2.3 -99
3001 1990 127 26400 27.0 41.1 1.66 2.3 -99
3001 1990 128 25300 25.7 39.3 1.59 2.3 -99
3001 1990 129 26000 21.7 35.7 1.85 2.3 -99
3001 1990 130 25300 21.8 35.9 1.77 2.3 -99
3001 1990 131 25500 22.9 36.9 1.63 2.3 -99
3001 1990 132 25800 23.7 38.5 1.5 2.3 -99
3001 1990 133 25400 25.2 39.7 1.71 2.3 -99
3001 1990 134 25100 25.3 41.2 1.48 2.3 -99
3001 1990 135 25400 26.5 41.8 1.36 2.3 -99
3001 1990 136 26100 28.2 41.7 1.47 2.3 -99
3001 1990 137 25500 27.4 40.4 1.53 2.3 -99
3001 1990 138 25600 25.8 39.9 1.48 2.3 -99
3001 1990 139 25000 25.4 40.8 1.52 2.3 -99
3001 1990 140 24800 25.3 40.5 1.44 2.3 -99
3001 1990 141 25900 25.8 41.0 1.58 2.3 -99
3001 1990 142 25200 26.0 41.4 1.53 2.3 -99
3001 1990 143 25500 26.5 41.2 1.38 2.3 -99
3001 1990 144 25800 23.8 38.4 1.2 2.3 -99
3001 1990 145 25400 23.3 39.3 1.21 2.3 -99
3001 1990 146 25800 23.0 39.5 1.3 2.3 -99
3001 1990 147 25300 24.5 40.7 1.38 2.3 -99
3001 1990 148 25000 26.6 41.8 1.25 2.3 -99
3001 1990 149 25600 26.5 40.7 1.2 2.3 -99
3001 1990 150 25800 23.4 37.9 1.68 2.3 -99
3001 1990 151 26000 21.8 35.5 2.16 2.3 -99
3001 1990 152 24500 21.6 36.9 2.08 2.3 -99
3001 1990 153 25000 23.6 40.7 1.93 2.3 -99
3001 1990 154 23900 26.6 42.2 1.57 2.3 -99
3001 1990 155 25000 27.9 41.6 1.57 2.3 -99
3001 1990 156 14700 27.3 41.1 1.62 2.3 -99
3001 1990 157 22600 27.0 40.7 1.58 2.3 -99
3001 1990 158 24400 26.7 40.7 1.72 2.3 -99
3001 1990 159 23800 25.5 40.8 1.58 2.3 -99
3001 1990 160 23900 24.6 40.2 1.73 2.3 -99
3001 1990 161 24500 25.1 40.9 1.91 2.3 -99
3001 1990 162 25100 26.7 42.0 1.76 2.3 -99
3001 1990 163 17600 27.8 41.0 1.65 2.3 -99
3001 1990 164 21500 26.5 40.4 1.65 2.3 -99
3001 1990 165 23700 27.1 40.4 1.59 2.3 -99
3001 1990 166 16700 26.2 41.0 1.6 2.3 -99
3001 1990 167 23100 26.6 40.3 2.01 2.3 -99
3001 1990 168 24500 26.2 41.6 1.71 2.3 -99
3001 1990 169 24500 27.0 41.4 1.57 2.3 -99
3001 1990 170 20600 25.6 37.1 2.24 2.3 -99
3001 1990 171 22400 26.0 37.3 2.78 2.3 -99
3001 1990 172 23500 26.6 40.7 2.24 2.3 -99
3001 1990 173 25300 29.2 43.5 1.61 2.3 -99
3001 1990 174 24200 26.6 40.9 1.7 2.3 -99
3001 1990 175 24100 26.7 41.4 1.47 2.3 -99
3001 1990 176 24700 27.6 43.1 1.57 2.3 -99
3001 1990 177 23100 25.5 38.7 2.08 2.3 -99
3001 1990 178 23800 23.9 38.1 2.58 2.3 -99
3001 1990 179 25300 22.5 38.8 2.37 2.3 -99
3001 1990 180 24200 23.5 36.6 2.8 2.3 -99
3001 1990 181 22900 23.6 34.4 2.92 2.3 -99
3001 1990 182 25100 24.6 36.5 2.65 2.3 -99
3001 1990 183 24300 22.9 38.6 2.2 2.3 -99
3001 1990 184 25100 23.3 39.9 1.85 2.3 -99
3001 1990 185 22900 21.6 35.6 2.4 2.3 -99
3001 1990 186 25000 23.0 35.4 2.66 2.3 -99
3001 1990 187 25700 25.5 36.9 2.57 2.3 -99
3001 1990 188 25800 22.7 37.7 2.38 2.3 -99
3001 1990 189 25800 24.6 39.2 2.33 2.3 -99
3001 1990 190 26600 23.9 38.6 2.38 2.3 -99
3001 1990 191 25200 23.6 37.7 2.46 2.3 -99
3001 1990 192 25900 22.6 34.1 2.73 2.3 -99
3001 1990 193 26200 22.5 36.2 2.73 2.3 -99
3001 1990 194 25400 22.2 35.1 2.73 2.3 -99
3001 1990 195 26000 23.7 35.8 2.81 2.3 -99
3001 1990 196 24700 24.3 34.0 3.19 2.3 -99
3001 1990 197 21900 21.8 32.8 3.45 2.3 -99
3001 1990 198 22300 22.3 31.7 3.64 2.3 -99
3001 1990 199 25200 19.4 34.4 3.08 2.3 -99
3001 1990 200 25500 22.9 38.2 2.33 2.3 -99
3001 1990 201 24500 23.9 37.0 2.62 2.3 -99
3001 1990 202 24900 24.9 34.0 3.17 2.3 -99
3001 1990 203 24900 23.4 36.3 2.95 2.3 -99
3001 1990 204 25500 22.4 39.2 2.66 2.3 -99
3001 1990 205 18900 24.1 34.9 3.15 2.3 -99
3001 1990 206 23800 22.2 30.0 3.66 2.3 -99
3001 1990 207 22900 21.4 31.0 3.55 2.3 -99
3001 1990 208 22300 22.2 32.6 3.51 2.3 -99
3001 1990 209 24000 23.3 40.0 3.02 2.3 -99
3001 1990 210 24800 23.7 37.3 3.39 2.3 -99
3001 1990 211 13500 23.0 33.8 3.43 2.3 -99
3001 1990 212 24000 22.6 34.6 3.21 2.3 -99
3001 1990 213 22800 23.7 33.5 3.35 2.3 -99
3001 1990 214 25600 21.7 33.7 2.97 2.3 -99
3001 1990 215 23900 22.2 35.8 2.4 2.3 -99
3001 1990 216 24000 24.1 37.9 2.41 2.3 -99
3001 1990 217 24100 24.4 35.8 3.06 2.3 -99
3001 1990 218 24300 24.0 34.8 3.43 2.3 -99
3001 1990 219 11700 21.7 35.2 3.21 2.3 -99
3001 1990 220 25100 23.0 35.4 2.81 2.3 -99
3001 1990 221 24900 24.7 37.1 2.54 2.3 -99
3001 1990 222 26000 25.4 40.3 2.3 2.3 -99
3001 1990 223 21700 24.7 36.1 2.9 2.3 -99
3001 1990 224 17300 22.4 31.7 3.35 2.3 -99
3001 1990 225 23800 23.3 35.8 2.88 2.3 -99
3001 1990 226 21700 25.7 38.2 2.78 2.3 -99
3001 1990 227 25600 27.0 42.0 2.23 2.3 -99
3001 1990 228 23800 24.0 35.2 3.21 2.3 -99
3001 1990 229 18800 21.0 31.4 3.59 2.3 -99
3001 1990 230 24700 21.0 36.5 3.17 2.3 -99
3001 1990 231 22200 21.0 36.9 2.88 2.3 -99
3001 1990 232 22200 24.9 36.6 2.97 2.3 -99
3001 1990 233 20500 24.0 34.1 3.29 2.3 -99
3001 1990 234 23800 22.1 35.1 3.39 2.3 -99
3001 1990 235 24400 22.7 35.5 3.66 2.3 -99
3001 1990 236 18800 21.9 35.8 3.21 2.3 -99
3001 1990 237 25200 22.1 34.0 3.47 2.3 -99
3001 1990 238 23800 23.8 33.5 3.39 2.3 -99
3001 1990 239 10500 22.6 33.3 3.39 2.3 -99
3001 1990 240 24700 23.0 33.3 3.41 2.3 -99
3001 1990 241 25700 22.6 39.1 2.88 2.3 -99
3001 1990 242 23900 24.4 37.2 3.01 2.3 -99
3001 1990 243 13600 24.2 35.8 3.04 2.3 -99
3001 1990 244 23000 24.0 36.6 2.99 2.3 -99
3001 1990 245 23400 25.3 40.5 2.57 2.3 -99
3001 1990 246 24500 24.0 37.2 3.1 2.3 -99
3001 1990 247 20300 21.6 31.1 3.68 2.3 -99
3001 1990 248 21200 21.8 32.3 3.55 2.3 -99
3001 1990 249 24200 21.5 37.8 2.8 2.3 -99
3001 1990 250 24700 23.2 41.3 2.33 2.3 -99
3001 1990 251 23900 23.9 37.3 2.92 2.3 -99
3001 1990 252 15400 24.0 36.3 2.92 2.3 -99
3001 1990 253 22900 25.3 33.6 3.14 2.3 -99
3001 1990 254 20900 23.4 37.3 2.76 2.3 -99
3001 1990 255 24400 25.0 41.1 2.36 2.3 -99
3001 1990 256 23900 22.7 37.1 2.9 2.3 -99
3001 1990 257 24400 24.2 35.2 3.12 2.3 -99
3001 1990 258 9200 22.9 35.9 2.97 2.3 -99
3001 1990 259 22700 24.3 36.9 3.02 2.3 -99
3001 1990 260 23800 23.3 33.5 3.47 2.3 -99
3001 1990 261 23800 21.7 31.7 3.59 2.3 -99
3001 1990 262 23400 20.6 34.0 3.21 2.3 -99
3001 1990 263 19600 22.4 35.7 3.08 2.3 -99
3001 1990 264 23800 22.6 37.2 2.81 2.3 -99
3001 1990 265 23900 24.4 40.7 2.3 2.3 -99
3001 1990 266 24000 24.7 38.7 2.65 2.3 -99
3001 1990 267 23500 24.5 38.3 2.62 2.3 -99
3001 1990 268 20800 25.2 39.5 2.38 2.3 -99
3001 1990 269 23600 24.5 39.4 2.46 2.3 -99
3001 1990 270 19400 25.8 38.2 2.97 2.3 -99
3001 1990 271 22200 21.3 36.4 3.23 2.3 -99
3001 1990 272 23600 22.6 38.0 2.8 2.3 -99
3001 1990 273 23500 21.5 39.1 2.57 2.3 -99
3001 1990 274 22700 23.0 37.7 2.8 2.3 -99
3001 1990 275 22700 24.2 37.3 2.65 2.3 -99
3001 1990 276 22200 22.8 38.2 2.41 2.3 -99
3001 1990 277 19600 23.6 37.2 2.55 2.3 -99
3001 1990 278 22100 23.4 33.3 3.27 2.3 -99
3001 1990 279 12300 22.7 32.9 3.37 2.3 -99
3001 1990 280 16500 21.2 38.8 2.49 2.3 -99
3001 1990 281 20200 25.7 41.0 1.85 2.3 -99
3001 1990 282 22000 23.6 41.4 1.82 2.3 -99
3001 1990 283 23100 24.2 40.3 1.91 2.3 -99
3001 1990 284 22900 24.4 39.8 1.67 2.3 -99
3001 1990 285 21400 24.5 39.9 1.7 2.3 -99
3001 1990 286 19800 24.5 39.8 1.72 2.3 -99
3001 1990 287 22800 23.9 41.8 1.21 2.3 -99
3001 1990 288 20600 22.0 41.8 1.17 2.3 -99
3001 1990 289 22400 22.9 41.4 1.26 2.3 -99
3001 1990 290 22800 21.7 40.3 1.13 2.3 -99
3001 1990 291 8700 20.5 38.9 1.57 2.3 -99
3001 1990 292 18100 23.3 39.6 1.39 2.3 -99
3001 1990 293 17800 21.6 37.7 1.58 2.3 -99
3001 1990 294 20900 24.5 38.6 1.61 2.3 -99
3001 1990 295 20200 26.2 39.1 1.34 2.3 -99
3001 1990 296 18000 23.7 39.9 1.38 2.3 -99
3001 1990 297 21300 24.0 40.7 1.46 2.3 -99
3001 1990 298 21100 24.5 39.6 1.58 2.3 -99
3001 1990 299 19300 22.4 38.9 1.5 2.3 -99
3001 1990 300 19100 23.8 40.2 1.44 2.3 -99
3001 1990 301 14500 22.5 40.7 1.38 2.3 -99
3001 1990 302 21000 22.6 38.9 1.2 2.3 -99
3001 1990 303 19700 23.4 38.8 1.34 2.3 -99
3001 1990 304 19900 23.2 38.2 1.43 2.3 -99
3001 1990 305 18500 21.9 38.0 1.33 2.3 -99
3001 1990 306 18100 21.3 37.7 1.36 2.3 -99
3001 1990 307 17900 20.9 36.9 1.35 2.3 -99
3001 1990 308 17500 20.4 36.9 1.45 2.3 -99
3001 1990 309 18800 21.0 37.3 1.62 2.3 -99
3001 1990 310 16900 22.2 36.6 2.08 2.3 -99
3001 1990 311 17900 21.7 37.8 1.76 2.3 -99
3001 1990 312 17500 24.6 40.3 1.36 2.3 -99
3001 1990 313 16800 24.8 39.3 1.31 2.3 -99
3001 1990 314 17700 23.5 39.2 1.47 2.3 -99
3001 1990 315 16400 24.6 38.9 1.73 2.3 -99
3001 1990 316 17100 24.4 36.6 1.82 2.3 -99
3001 1990 317 17200 21.4 37.1 1.55 2.3 -99
3001 1990 318 15000 22.4 37.3 1.47 2.3 -99
3001 1990 319 15900 21.7 34.4 1.19 2.3 -99
3001 1990 320 17400 19.8 34.0 1.04 2.3 -99
3001 1990 321 16100 18.6 33.3 1.11 2.3 -99
3001 1990 322 16300 19.8 33.6 0.87 2.3 -99
3001 1990 323 16700 19.0 33.1 0.97 2.3 -99
3001 1990 324 14500 16.8 32.9 1.01 2.3 -99
3001 1990 325 15800 14.8 34.9 1.06 2.3 -99
3001 1990 326 15200 17.9 35.1 0.92 2.3 -99
3001 1990 327 11500 21.1 35.3 1.02 2.3 -99
3001 1990 328 7500 22.2 34.0 1.38 2.3 -99
3001 1990 329 9800 19.8 33.4 1.26 2.3 -99
3001 1990 330 15800 19.8 34.3 1.35 2.3 -99
3001 1990 331 18900 22.0 36.2 1.4 2.3 -99
3001 1990 332 19200 22.2 36.9 1.45 2.3 -99
3001 1990 333 16900 19.6 36.8 1.2 2.3 -99
3001 1990 334 16200 19.5 36.7 1.13 2.3 -99
3001 1990 335 17600 18.9 36.5 1.36 2.3 -99
3001 1990 336 18700 20.4 37.2 1.53 2.3 -99
3001 1990 337 15600 22.0 38.5 1.24 2.3 -99
3001 1990 338 15500 23.4 37.6 1.09 2.3 -99
3001 1990 339 15600 21.8 37.8 1.46 2.3 -99
3001 1990 340 15300 21.5 37.3 1.66 2.3 -99
3001 1990 341 15500 21.4 36.7 1.51 2.3 -99
3001 1990 342 17100 22.2 36.7 1.43 2.3 -99
3001 1990 343 15600 20.4 36.0 1.58 2.3 -99
3001 1990 344 15000 22.0 36.1 1.74 2.3 -99
3001 1990 345 16200 21.0 32.9 1.57 2.3 -99
3001 1990 346 17000 17.3 30.6 1.01 2.3 -99
3001 1990 347 16300 15.7 31.0 0.84 2.3 -99
3001 1990 348 15600 15.2 31.5 0.86 2.3 -99
3001 1990 349 15500 14.5 32.3 0.99 2.3 -99
3001 1990 350 19500 17.5 33.7 1.28 2.3 -99
3001 1990 351 19000 18.8 32.9 1.45 2.3 -99
3001 1990 352 18800 18.4 34.0 1.28 2.3 -99
3001 1990 353 14700 18.1 32.9 1.09 2.3 -99
3001 1990 354 15100 15.1 29.1 1.14 2.3 -99
3001 1990 355 15400 12.0 26.7 1.22 2.3 -99
3001 1990 356 14100 12.2 28.0 1.11 2.3 -99
3001 1990 357 15300 12.7 28.0 1.17 2.3 -99
3001 1990 358 14400 13.3 28.3 1 2.3 -99
3001 1990 359 15500 13.6 29.2 0.76 2.3 -99
3001 1990 360 14200 14.9 28.7 0.72 2.3 -99
3001 1990 361 14600 15.0 28.6 0.75 2.3 -99
3001 1990 362 15400 12.4 29.0 0.76 2.3 -99
3001 1990 363 14500 13.4 29.9 0.77 2.3 -99
3001 1990 364 14900 12.8 31.8 0.82 2.3 -99
3001 1990 365 14900 15.1 34.1 1.05 2.3 -99
