*---------------------------------------------------------*
*   Country: Senegal
*   Station: SEN_HUB_fanaye
*   Station #: 3001
*   Year: 2002
*   Source: AfricaRice; historical observed data (1991-1999,2006-2011, 2013,2014)
*   Author: Pepijn van Oort (AfricaRice). Original Script by Justin van Wart (University Nebraska)
*   Longitude: -14.80 (decimal degrees East)
*   Latitude: 16.53 (decimal degrees North)
*   Elevation: 11 m.
*
*  Columns:
*  ========
*  1 station number
*  2 year
*  3 day
*  4 irradiation (kJ m-2 d-1)
*  5 minimum temperature (degrees Celsius)
*  6 maximum temperature (degrees Celsius)
*  7 actual vapour pressure (kPa)   
*  8 mean wind speed (m s-1)
*  9 precipitation (mm d-1)
*
** WCCDESCRIPTION=Senegal, SEN_HUB_fanaye
** WCCFORMAT=2
** WCCYEARNR= 2002
*
* COMMENT - START
*   Filename: SEN3001.002
*   Source file: SEN_HUBHIST_Fanaye.xlsx; sheet: GYGAReady_public_propagation
*   Source file contains station data (black) and propagated data (red).
*   When station data are available these are filled in in the current file.
*   When station data are not available the method uses NASA data from the POWER database.
*   Tmin, Tmax and Tdew from the POWER database are corrected for bias based on empirical regression between POWER data and available station data.
* COMMENT - END
*---------------------------------------------------------*
-14.80  16.53  11  0  0
3001 2002 001 14800 17.9 33.9 1.31 2.3 0
3001 2002 002 13900 18.6 35.2 1.39 2.3 0
3001 2002 003 14400 17.9 35.8 1.13 2.3 0
3001 2002 004 13500 17.4 34.0 0.94 2.3 0
3001 2002 005 16300 16.8 33.4 0.88 2.3 0
3001 2002 006 13500 12.9 31.0 1.31 2.3 0
3001 2002 007 14000 15.1 29.9 1.93 2.3 0
3001 2002 008 14700 16.2 30.8 2.05 2.3 0
3001 2002 009 1900 16.5 24.4 2.55 2.3 1
3001 2002 010 600 16.2 23.6 2.46 2.3 33
3001 2002 011 2500 13.9 22.4 2.41 2.3 0
3001 2002 012 20400 15.0 28.3 2.27 2.3 0
3001 2002 013 17400 15.9 31.6 1.43 2.3 0
3001 2002 014 17100 17.0 32.5 1.13 2.3 0
3001 2002 015 14000 16.8 32.1 0.99 2.3 0
3001 2002 016 15300 15.3 31.9 0.95 2.3 0
3001 2002 017 15000 15.0 31.5 0.99 2.3 0
3001 2002 018 16100 15.4 31.4 0.92 2.3 0
3001 2002 019 15300 16.7 31.5 0.91 2.3 0
3001 2002 020 15900 16.3 31.8 0.85 2.3 0
3001 2002 021 13700 18.9 31.4 0.92 2.3 0
3001 2002 022 11600 14.8 30.9 0.77 2.3 0
3001 2002 023 16500 14.2 32.6 0.79 2.3 0
3001 2002 024 15300 17.5 33.5 0.85 2.3 0
3001 2002 025 14900 17.0 33.5 0.74 2.3 0
3001 2002 026 15300 15.8 32.7 0.82 2.3 0
3001 2002 027 14700 15.4 33.1 0.61 2.3 0
3001 2002 028 16200 15.1 33.6 0.75 2.3 0
3001 2002 029 16300 16.8 33.8 0.81 2.3 0
3001 2002 030 16200 15.1 33.7 0.75 2.3 0
3001 2002 031 16300 15.2 33.3 0.81 2.3 0
3001 2002 032 18200 16.1 34.7 0.83 2.3 0
3001 2002 033 12200 15.8 34.0 0.87 2.3 0
3001 2002 034 17000 18.0 34.0 0.74 2.3 0
3001 2002 035 17900 19.0 33.9 0.66 2.3 0
3001 2002 036 8400 17.7 32.5 0.74 2.3 3
3001 2002 037 15600 17.9 33.1 0.75 2.3 0
3001 2002 038 18800 15.0 32.6 0.68 2.3 0
3001 2002 039 18200 15.1 34.2 0.72 2.3 0
3001 2002 040 21000 18.4 32.8 0.64 2.3 0
3001 2002 041 17600 15.8 31.7 0.65 2.3 0
3001 2002 042 14900 15.6 32.9 0.66 2.3 0
3001 2002 043 19900 14.9 33.3 0.95 2.3 0
3001 2002 044 21100 17.0 34.8 0.79 2.3 0
3001 2002 045 20700 16.2 34.1 0.92 2.3 0
3001 2002 046 19800 18.0 35.3 0.84 2.3 0
3001 2002 047 20100 17.1 34.9 0.75 2.3 0
3001 2002 048 20400 16.6 34.0 0.8 2.3 0
3001 2002 049 18500 16.3 32.3 1.06 2.3 0
3001 2002 050 19000 16.0 33.9 1.02 2.3 0
3001 2002 051 16300 18.9 35.9 1.02 2.3 0
3001 2002 052 17300 19.3 35.8 1.14 2.3 0
3001 2002 053 20700 18.7 36.2 1.3 2.3 0
3001 2002 054 19200 18.2 35.6 1.05 2.3 0
3001 2002 055 19500 18.9 36.4 1.13 2.3 0
3001 2002 056 20600 19.2 37.0 0.82 2.3 0
3001 2002 057 17300 18.4 35.1 0.74 2.3 0
3001 2002 058 20000 17.5 32.9 0.65 2.3 0
3001 2002 059 22800 15.2 33.6 0.57 2.3 0
3001 2002 060 22100 13.0 34.5 0.53 2.3 0
3001 2002 061 21600 13.8 34.7 0.58 2.3 0
3001 2002 062 23000 15.6 35.1 0.87 2.3 0
3001 2002 063 21300 14.8 34.9 1.27 2.3 0
3001 2002 064 22000 17.3 34.4 1.2 2.3 0
3001 2002 065 21800 18.5 34.2 1.08 2.3 0
3001 2002 066 20400 18.0 34.5 0.95 2.3 0
3001 2002 067 24000 17.1 33.8 0.95 2.3 0
3001 2002 068 23100 17.5 32.1 1.06 2.3 0
3001 2002 069 22900 17.4 35.1 1.1 2.3 0
3001 2002 070 23500 18.0 36.4 1.16 2.3 0
3001 2002 071 24400 19.0 35.2 1.12 2.3 0
3001 2002 072 23100 19.5 33.5 1.23 2.3 0
3001 2002 073 23700 17.4 33.8 1.17 2.3 0
3001 2002 074 24900 18.6 35.6 1.02 2.3 0
3001 2002 075 23400 19.5 35.2 1.07 2.3 0
3001 2002 076 23200 19.1 33.8 0.92 2.3 0
3001 2002 077 24900 18.0 34.5 0.81 2.3 0
3001 2002 078 25300 17.9 36.9 0.77 2.3 0
3001 2002 079 25300 19.0 38.1 0.86 2.3 0
3001 2002 080 25300 20.6 39.0 0.65 2.3 0
3001 2002 081 24800 17.8 38.1 0.69 2.3 0
3001 2002 082 20800 19.7 37.6 0.79 2.3 0
3001 2002 083 26000 18.9 37.8 0.87 2.3 0
3001 2002 084 24300 18.6 37.6 1.04 2.3 0
3001 2002 085 23200 19.9 36.6 1.32 2.3 0
3001 2002 086 23400 19.8 33.6 1.63 2.3 0
3001 2002 087 23300 18.6 35.8 1.6 2.3 0
3001 2002 088 21400 20.1 37.7 1.4 2.3 0
3001 2002 089 21800 20.5 37.9 1.7 2.3 0
3001 2002 090 19500 21.7 36.9 1.71 2.3 0
3001 2002 091 21200 21.0 33.0 1.68 2.3 0
3001 2002 092 23200 18.8 35.5 1.26 2.3 0
3001 2002 093 25500 21.9 35.5 1.24 2.3 0
3001 2002 094 26000 20.0 34.9 1.08 2.3 0
3001 2002 095 25500 18.2 35.1 1.18 2.3 0
3001 2002 096 25700 19.8 35.1 1.09 2.3 0
3001 2002 097 22900 17.7 34.0 1.19 2.3 0
3001 2002 098 22300 17.9 34.8 1.19 2.3 0
3001 2002 099 24200 18.1 34.0 1.28 2.3 0
3001 2002 100 23700 18.7 34.5 1.45 2.3 0
3001 2002 101 24700 17.0 32.6 1.24 2.3 0
3001 2002 102 23100 16.2 32.8 1.1 2.3 0
3001 2002 103 23800 17.4 33.3 1.22 2.3 0
3001 2002 104 26700 17.5 33.6 1.2 2.3 0
3001 2002 105 23500 17.0 36.2 1.1 2.3 0
3001 2002 106 25800 19.8 36.9 1.1 2.3 0
3001 2002 107 24900 20.8 36.7 1.21 2.3 0
3001 2002 108 23500 21.6 36.4 1.24 2.3 0
3001 2002 109 24900 19.8 34.7 0.97 2.3 0
3001 2002 110 25700 18.2 35.6 0.95 2.3 0
3001 2002 111 25700 19.4 36.7 1.01 2.3 0
3001 2002 112 23800 16.6 37.3 1.27 2.3 0
3001 2002 113 24800 20.8 39.0 1.41 2.3 0
3001 2002 114 17200 24.5 39.5 1.02 2.3 0
3001 2002 115 25500 24.6 36.7 0.79 2.3 0
3001 2002 116 23400 20.5 38.1 0.87 2.3 0
3001 2002 117 24400 23.9 39.3 0.92 2.3 0
3001 2002 118 25400 21.6 39.6 1.11 2.3 0
3001 2002 119 24300 21.0 38.1 1.54 2.3 0
3001 2002 120 23700 20.1 38.3 1.63 2.3 0
3001 2002 121 25800 21.3 38.1 1.14 2.3 0
3001 2002 122 25500 21.1 37.4 1.13 2.3 0
3001 2002 123 24700 20.4 37.2 1.39 2.3 0
3001 2002 124 24500 21.9 37.9 1.68 2.3 0
3001 2002 125 24800 21.6 37.2 1.41 2.3 0
3001 2002 126 24800 22.2 37.1 1.13 2.3 0
3001 2002 127 25300 18.9 36.4 1.1 2.3 0
3001 2002 128 22900 19.7 35.0 1.31 2.3 0
3001 2002 129 24700 23.5 36.9 1.3 2.3 0
3001 2002 130 25200 23.4 39.1 1.22 2.3 0
3001 2002 131 24000 23.1 38.3 1.01 2.3 0
3001 2002 132 24800 22.3 38.7 1.07 2.3 0
3001 2002 133 24800 21.7 40.3 1.33 2.3 0
3001 2002 134 25300 24.6 42.3 1.23 2.3 0
3001 2002 135 28000 24.5 43.5 0.91 2.3 0
3001 2002 136 17800 25.9 42.5 1.06 2.3 0
3001 2002 137 23500 26.1 43.0 1.04 2.3 1
3001 2002 138 24500 28.0 42.5 1.04 2.3 0
3001 2002 139 26100 23.7 41.3 1.28 2.3 0
3001 2002 140 25500 23.3 41.3 1.28 2.3 0
3001 2002 141 22800 24.2 39.8 1.2 2.3 0
3001 2002 142 23300 23.5 38.8 1.22 2.3 0
3001 2002 143 23900 23.3 40.1 1.14 2.3 0
3001 2002 144 24100 23.0 40.6 1.44 2.3 0
3001 2002 145 24700 25.2 39.8 1.81 2.3 0
3001 2002 146 24200 27.0 40.8 1.48 2.3 0
3001 2002 147 23900 25.3 40.7 1.43 2.3 0
3001 2002 148 24400 25.3 40.7 1.41 2.3 0
3001 2002 149 23800 24.2 39.9 1.38 2.3 0
3001 2002 150 24000 24.9 41.0 1.36 2.3 0
3001 2002 151 16100 25.2 42.5 1.17 2.3 0
3001 2002 152 25200 25.9 42.6 1.28 2.3 0
3001 2002 153 25900 27.2 44.4 1.31 2.3 0
3001 2002 154 26100 26.9 43.9 1.17 2.3 0
3001 2002 155 26000 28.2 42.2 1.37 2.3 0
3001 2002 156 23400 24.6 38.3 1.93 2.3 0
3001 2002 157 25200 24.2 39.5 1.96 2.3 0
3001 2002 158 25700 25.1 39.5 1.55 2.3 0
3001 2002 159 25200 26.4 41.1 1.42 2.3 0
3001 2002 160 25100 26.3 41.1 1.49 2.3 0
3001 2002 161 25500 24.6 41.3 1.24 2.3 0
3001 2002 162 26500 24.3 41.0 1.44 2.3 0
3001 2002 163 22200 25.1 40.5 2.03 2.3 0
3001 2002 164 26900 24.5 39.2 2.51 2.3 0
3001 2002 165 25800 23.7 41.4 1.62 2.3 0
3001 2002 166 26400 25.4 41.5 1.2 2.3 0
3001 2002 167 25700 22.6 39.2 1.36 2.3 0
3001 2002 168 21300 23.6 37.8 2.33 2.3 6
3001 2002 169 26000 24.6 38.4 2.81 2.3 0
3001 2002 170 25400 22.3 41.3 2.11 2.3 0
3001 2002 171 24800 23.4 42.2 1.8 2.3 0
3001 2002 172 23800 24.3 38.1 2.44 2.3 0
3001 2002 173 21600 24.8 37.1 2.34 2.3 2
3001 2002 174 24700 26.1 40.0 1.99 2.3 0
3001 2002 175 24700 23.4 38.1 2.46 2.3 0
3001 2002 176 25700 20.7 36.3 2.68 2.3 0
3001 2002 177 25600 23.2 36.2 2.46 2.3 0
3001 2002 178 26500 24.2 37.6 2.31 2.3 0
3001 2002 179 24000 23.5 38.3 2.28 2.3 0
3001 2002 180 25200 25.2 41.8 1.75 2.3 0
3001 2002 181 26100 27.2 42.1 1.83 2.3 0
3001 2002 182 25100 25.5 39.2 2.11 2.3 0
3001 2002 183 23100 24.6 36.2 2.26 2.3 0
3001 2002 184 26100 23.1 38.4 2.15 2.3 0
3001 2002 185 26500 24.6 41.1 1.41 2.3 0
3001 2002 186 26900 25.1 41.0 1.74 2.3 3
3001 2002 187 21500 26.5 36.7 2.73 2.3 1
3001 2002 188 11100 24.5 36.8 2.71 2.3 5
3001 2002 189 26500 23.8 39.9 1.99 2.3 0
3001 2002 190 26400 23.7 42.8 1.29 2.3 0
3001 2002 191 26700 24.3 42.5 1.31 2.3 0
3001 2002 192 27100 24.9 41.7 1.28 2.3 0
3001 2002 193 26800 25.3 40.7 1.51 2.3 0
3001 2002 194 22100 25.8 37.6 2.63 2.3 0
3001 2002 195 25200 23.9 38.8 2.7 2.3 0
3001 2002 196 25400 22.4 36.9 2.75 2.3 0
3001 2002 197 25100 22.8 36.2 2.63 2.3 0
3001 2002 198 26100 22.1 35.8 2.26 2.3 0
3001 2002 199 24000 21.2 38.4 2.08 2.3 0
3001 2002 200 26600 21.2 40.4 2.03 2.3 0
3001 2002 201 23400 23.1 38.0 2.2 2.3 0
3001 2002 202 25200 24.5 37.4 2.49 2.3 0
3001 2002 203 25700 26.4 39.2 2.21 2.3 0
3001 2002 204 24100 25.0 40.8 2.47 2.3 0
3001 2002 205 25500 24.6 37.9 2.7 2.3 0
3001 2002 206 27000 25.9 39.2 2.54 2.3 19
3001 2002 207 25700 22.8 40.1 2.15 2.3 0
3001 2002 208 25300 20.2 36.4 2.26 2.3 0
3001 2002 209 25100 23.3 36.6 2.13 2.3 0
3001 2002 210 23800 22.6 34.9 2.17 2.3 0
3001 2002 211 25100 22.7 36.2 2.19 2.3 0
3001 2002 212 19300 24.0 36.4 2.68 2.3 0
3001 2002 213 24800 24.1 37.3 2.71 2.3 0
3001 2002 214 25700 24.3 40.3 2.12 2.3 0
3001 2002 215 27400 24.2 38.1 1.88 2.3 0
3001 2002 216 24300 23.0 36.6 2.57 2.3 0
3001 2002 217 24400 24.8 37.9 2.52 2.3 0
3001 2002 218 24800 25.1 38.9 2.23 2.3 0
3001 2002 219 22200 26.1 38.2 2.78 2.3 0
3001 2002 220 20500 24.8 35.9 2.75 2.3 0
3001 2002 221 18600 25.4 35.9 2.6 2.3 0
3001 2002 222 18000 24.0 33.8 3.29 2.3 7
3001 2002 223 23700 22.7 38.6 2.88 2.3 0
3001 2002 224 25800 24.1 39.5 1.76 2.3 0
3001 2002 225 9800 24.5 37.5 2.08 2.3 5
3001 2002 226 25600 25.6 37.3 2.52 2.3 0
3001 2002 227 26000 26.7 41.7 2.23 2.3 0
3001 2002 228 19200 24.0 36.6 2.58 2.3 0
3001 2002 229 24000 25.7 35.1 2.99 2.3 0
3001 2002 230 19800 25.4 35.5 3.04 2.3 5
3001 2002 231 20300 25.4 34.0 3.08 2.3 2
3001 2002 232 24000 24.2 35.1 3.12 2.3 0
3001 2002 233 17300 24.4 36.2 2.86 2.3 0
3001 2002 234 22800 23.5 37.6 2.55 2.3 0
3001 2002 235 23300 24.5 36.4 2.99 2.3 0
3001 2002 236 21100 23.2 35.8 3.02 2.3 5
3001 2002 237 23400 23.6 35.0 3.14 2.3 1
3001 2002 238 22300 22.9 39.1 2.76 2.3 6
3001 2002 239 23700 24.7 39.1 2.55 2.3 0
3001 2002 240 14200 23.4 33.4 3.41 2.3 5
3001 2002 241 17600 21.2 34.1 3.15 2.3 0
3001 2002 242 24100 23.4 37.0 2.75 2.3 0
3001 2002 243 16600 25.4 39.2 2.66 2.3 0
3001 2002 244 21600 25.6 37.8 2.81 2.3 1
3001 2002 245 22900 23.4 37.3 2.76 2.3 0
3001 2002 246 24500 25.1 38.3 2.47 2.3 0
3001 2002 247 24600 27.1 38.8 2.4 2.3 0
3001 2002 248 23800 25.8 41.6 2.19 2.3 0
3001 2002 249 22400 25.7 38.8 2.43 2.3 0
3001 2002 250 22500 25.6 36.6 2.73 2.3 0
3001 2002 251 16800 23.9 36.7 3.02 2.3 0
3001 2002 252 22600 22.9 34.1 3.41 2.3 0
3001 2002 253 20900 23.3 33.9 3.21 2.3 0
3001 2002 254 20700 24.6 35.5 3.14 2.3 0
3001 2002 255 24600 23.8 39.4 2.8 2.3 0
3001 2002 256 22500 23.1 33.1 3.45 2.3 0
3001 2002 257 8200 22.4 30.9 3.64 2.3 15
3001 2002 258 22600 22.3 31.6 3.57 2.3 0
3001 2002 259 22700 22.3 36.2 2.99 2.3 0
3001 2002 260 23900 23.3 38.2 2.57 2.3 0
3001 2002 261 19800 25.2 40.6 2.17 2.3 0
3001 2002 262 24000 25.2 41.5 2.08 2.3 0
3001 2002 263 20800 26.6 35.5 3.04 2.3 4
3001 2002 264 20600 23.7 32.6 3.43 2.3 2
3001 2002 265 10900 22.2 33.8 3.29 2.3 1
3001 2002 266 22600 23.6 41.0 2.15 2.3 0
3001 2002 267 22500 24.4 35.6 2.97 2.3 0
3001 2002 268 20100 24.2 36.6 2.81 2.3 2
3001 2002 269 23300 25.8 39.1 2.47 2.3 0
3001 2002 270 20900 24.8 39.4 2.38 2.3 0
3001 2002 271 19700 25.6 41.4 2.26 2.3 0
3001 2002 272 23600 24.6 42.4 1.98 2.3 0
3001 2002 273 23400 23.6 39.3 2.27 2.3 0
3001 2002 274 22200 23.3 39.0 2.08 2.3 0
3001 2002 275 23500 23.2 38.4 1.85 2.3 0
3001 2002 276 23400 24.2 37.7 1.75 2.3 0
3001 2002 277 23300 23.8 36.9 1.76 2.3 0
3001 2002 278 22400 23.2 36.2 2.08 2.3 0
3001 2002 279 22600 23.8 35.9 2.41 2.3 0
3001 2002 280 24100 24.6 35.7 2.55 2.3 0
3001 2002 281 23000 23.5 33.0 3.25 2.3 0
3001 2002 282 18900 21.5 32.2 3.47 2.3 6
3001 2002 283 17900 22.0 32.2 3.41 2.3 8
3001 2002 284 20100 22.0 29.3 3.61 2.3 16
3001 2002 285 15800 21.5 32.0 3.29 2.3 0
3001 2002 286 19300 21.9 36.9 2.26 2.3 0
3001 2002 287 21500 22.8 37.9 1.95 2.3 0
3001 2002 288 20700 24.4 38.5 1.73 2.3 0
3001 2002 289 21900 24.2 38.7 1.66 2.3 0
3001 2002 290 22400 22.6 38.8 1.49 2.3 0
3001 2002 291 21600 22.1 38.7 1.49 2.3 0
3001 2002 292 18000 24.8 38.1 1.77 2.3 0
3001 2002 293 20900 26.6 40.7 1.66 2.3 0
3001 2002 294 21000 23.7 38.8 1.74 2.3 0
3001 2002 295 21400 23.7 40.6 1.38 2.3 0
3001 2002 296 20800 22.1 38.9 1.2 2.3 0
3001 2002 297 20900 21.0 38.4 1.24 2.3 0
3001 2002 298 20600 21.7 38.0 1.3 2.3 0
3001 2002 299 17100 21.0 38.7 1.19 2.3 0
3001 2002 300 17500 22.2 38.8 1.13 2.3 0
3001 2002 301 16000 20.2 38.0 0.71 2.3 0
3001 2002 302 20300 19.8 37.3 0.88 2.3 0
3001 2002 303 19900 20.2 37.5 0.97 2.3 0
3001 2002 304 15300 24.7 37.9 1.3 2.3 0
3001 2002 305 14100 22.5 36.9 1.36 2.3 0
3001 2002 306 11500 20.8 36.4 0.97 2.3 0
3001 2002 307 20300 18.6 37.4 1 2.3 0
3001 2002 308 20100 20.9 36.3 1 2.3 0
3001 2002 309 19500 18.8 35.4 0.94 2.3 0
3001 2002 310 19400 17.4 34.5 0.91 2.3 0
3001 2002 311 18300 17.2 36.0 1.04 2.3 0
3001 2002 312 19500 20.1 35.5 1.21 2.3 0
3001 2002 313 18500 19.6 34.7 0.95 2.3 0
3001 2002 314 18600 17.3 33.5 0.79 2.3 0
3001 2002 315 19000 14.8 33.6 0.74 2.3 0
3001 2002 316 16200 15.1 35.3 0.92 2.3 0
3001 2002 317 18400 18.5 36.8 0.82 2.3 0
3001 2002 318 16500 18.9 36.8 0.88 2.3 0
3001 2002 319 18000 18.9 35.1 1.06 2.3 0
3001 2002 320 16500 18.6 33.5 1.47 2.3 0
3001 2002 321 16300 18.2 33.6 1.66 2.3 0
3001 2002 322 16000 19.2 35.2 1.48 2.3 0
3001 2002 323 16900 19.8 35.1 1.38 2.3 0
3001 2002 324 18800 19.2 34.7 1.12 2.3 0
3001 2002 325 17200 17.5 35.5 1.04 2.3 0
3001 2002 326 17400 18.6 36.9 1.05 2.3 0
3001 2002 327 12900 19.4 37.7 1.1 2.3 0
3001 2002 328 17300 18.8 36.4 1.19 2.3 0
3001 2002 329 13000 20.9 36.3 1.24 2.3 0
3001 2002 330 12200 20.7 34.2 1.4 2.3 0
3001 2002 331 16800 21.3 35.3 1.41 2.3 0
3001 2002 332 16900 20.1 35.7 1.34 2.3 0
3001 2002 333 17000 19.4 34.9 1.35 2.3 0
3001 2002 334 12500 20.1 34.8 1.13 2.3 0
3001 2002 335 15200 20.9 33.2 0.84 2.3 0
3001 2002 336 7700 18.0 32.1 1.06 2.3 1
3001 2002 337 15200 17.4 32.3 1.06 2.3 0
3001 2002 338 15500 17.4 32.2 0.85 2.3 0
3001 2002 339 8500 18.5 32.0 0.97 2.3 0
3001 2002 340 10900 20.3 32.4 1.1 2.3 0
3001 2002 341 8100 18.2 32.8 1.22 2.3 0
3001 2002 342 2900 18.0 32.5 1.11 2.3 0
3001 2002 343 800 21.9 32.5 1.47 2.3 0
3001 2002 344 10500 21.2 31.0 1.65 2.3 0
3001 2002 345 13600 19.4 33.1 1.67 2.3 0
3001 2002 346 13900 20.2 33.9 1.8 2.3 0
3001 2002 347 13800 21.0 34.8 1.81 2.3 0
3001 2002 348 12300 21.3 34.9 1.57 2.3 0
3001 2002 349 16800 22.2 35.0 1.1 2.3 0
3001 2002 350 16100 19.6 35.6 1.1 2.3 0
3001 2002 351 16200 19.7 36.3 1.2 2.3 0
3001 2002 352 16000 18.4 37.3 1.24 2.3 0
3001 2002 353 16100 18.8 36.6 1.15 2.3 0
3001 2002 354 16000 19.1 36.7 0.87 2.3 0
3001 2002 355 15800 18.2 35.3 0.95 2.3 0
3001 2002 356 16000 17.1 35.6 1.01 2.3 0
3001 2002 357 16100 17.8 35.5 0.94 2.3 0
3001 2002 358 16200 17.3 34.6 0.89 2.3 0
3001 2002 359 16200 16.9 34.7 0.84 2.3 0
3001 2002 360 16200 16.3 34.4 0.81 2.3 0
3001 2002 361 15700 15.3 33.4 0.82 2.3 0
3001 2002 362 16400 14.3 33.3 0.82 2.3 0
3001 2002 363 16300 14.5 33.1 0.84 2.3 0
3001 2002 364 16300 14.9 33.2 0.81 2.3 0
3001 2002 365 16200 15.4 33.1 0.7 2.3 0
